240788223 263704130
1
sift 229
676 475
880 573
885 613
869 594
558 674
399 313
164 130
999 676
925 697
628 752
1433 1344
388 323
1045 857
2014 1453
2008 942
1309 998
176 148
969 774
1634 1484
517 472
1027 826
423 372
1974 1378
1367 1117
315 334
1458 1084
848 882
1075 805
1141 1147
259 214
820 500
269 310
808 727
1310 1013
1216 1184
1525 1185
221 222
860 656
871 848
8706 11800
3257 2566
1028 881
1050 738
1069 931
5638 6545
1713 1361
1438 1090
1004 755
1573 1259
837 671
2469 2388
644 463
3157 2480
2021 1544
524 483
1564 1753
3024 2897
1117 921
2906 2280
7284 4482
1153 880
4974 3772
3091 2117
2758 2038
1704 1460
1312 902
3484 3971
3463 2026
1209 885
492 441
2209 1740
1813 1932
1260 1056
1511 1244
2376 2065
1915 1856
1735 1582
2769 1951
2539 2873
2554 2057
1681 1523
2389 3427
1820 1292
1792 1311
282 244
2639 2201
1052 873
1110 698
1440 1069
530 465
2866 1848
2032 2199
1732 1204
1766 1660
1164 971
2798 3287
4485 4408
1656 980
2301 2003
1313 1124
4353 4302
1041 746
2496 1645
4903 4058
2122 1627
3147 2011
3444 4104
3717 2066
2286 2392
2270 7174
2467 1772
1586 1108
5432 2982
2285 2837
1877 1380
2227 1626
4128 4054
2033 1246
4692 3728
1762 1628
1691 1373
4135 2966
4583 3312
2616 1911
1947 2549
4656 3288
918 652
4697 5560
3158 2552
964 853
2500 1902
3641 3887
2549 1826
3102 3067
3208 2329
2410 1636
914 785
5726 4577
3971 4383
4346 5595
2868 1957
3371 8584
2744 1989
3721 2758
5656 6363
3416 2713
1194 1008
2611 1892
3430 3597
1355 1408
2340 2220
2254 2172
2203 1768
4836 4364
1262 1162
2528 1726
1283 1146
3912 2904
2944 2783
2350 3011
5398 5412
1100 1025
5257 5406
3892 3571
1267 1370
2607 1875
2395 2109
5470 3910
3849 6716
4741 5184
3252 3641
1372 819
3836 2443
3036 2042
2629 2403
2148 1840
1776 1922
5010 5213
3261 2995
1815 1748
3562 2414
4644 6131
2659 2035
2064 2098
2778 2842
3596 3449
1234 666
3412 2461
3992 3384
8510 13594
2011 2047
3197 2444
5539 6383
8173 6678
1289 1531
2326 2545
7028 4979
3215 2674
4755 6498
4732 5869
3383 2858
7195 7189
3531 3464
3120 3448
3225 6635
2834 2997
3409 3162
4701 6051
4818 4990
2619 2587
4039 3129
6138 8433
4007 3142
5809 5464
3347 2778
6736 4343
4689 4799
5607 5023
6159 5178
3997 3835
4074 2975
10753 13918
4240 6368
5004 6061
5241 4419
4218 3566
7021 5148
3658 4834
4301 5215
240788223 327837308
1
sift 867
69 85
97 131
20 16
775 769
101 117
88 113
519 508
239 354
195 233
2182 3579
181 196
488 727
288 261
117 129
203 207
348 431
153 183
1011 945
372 449
205 209
618 743
18147 18615
473 550
610 841
428 405
193 220
190 211
1118 1671
310 534
776 835
1566 1913
122 147
426 574
1837 991
510 655
887 859
2283 2667
198 270
187 215
3603 5652
247 438
829 999
5680 9252
211 225
415 454
2991 4464
240 268
352 472
992 911
706 800
501 610
2049 2870
206 202
511 646
9726 15248
246 341
435 489
1653 1936
518 558
2896 3328
13135 17807
217 263
418 510
2159 1891
309 332
3132 5773
567 613
429 432
2588 4394
6730 7110
303 415
1114 1079
531 591
192 280
587 845
2078 3247
1526 2056
678 846
13324 18094
340 346
447 467
3613 4466
639 644
1790 2486
14247 16861
765 772
398 601
1622 1861
436 516
892 1003
3295 3569
589 586
1436 1349
2983 4388
414 393
2479 2993
14104 17055
548 576
390 532
4388 6315
263 312
4666 4712
3623 4375
1034 897
2111 2855
1389 1944
330 381
2134 3027
8889 15556
521 659
1618 1869
2642 3169
335 422
7924 17262
1257 1965
209 288
2520 4083
3251 4374
380 504
608 676
1339 1148
326 413
491 581
16889 18074
227 243
3094 2919
1430 1495
233 252
944 997
284 321
2904 4921
2052 2074
617 896
368 680
289 356
1425 1623
2558 3425
374 450
487 637
278 317
3199 3865
4795 4259
904 978
1601 1626
2417 2287
5021 5890
1719 1894
850 918
2865 4551
219 247
4203 5107
1951 3183
731 880
2383 5283
699 939
3301 4805
4948 4653
1412 2038
773 768
504 549
1638 1721
1904 1817
216 219
972 1529
291 329
4482 5521
9575 18087
446 632
717 790
856 809
1435 1200
6222 5205
528 493
708 754
588 616
2878 3594
13368 17842
685 925
940 903
416 514
3268 4861
1445 1932
893 1066
3291 5381
552 571
4272 6203
4979 5404
1630 2012
786 799
994 1042
1964 1688
2630 4171
881 1035
5571 6648
497 561
2205 3455
1467 1813
1258 1792
3349 4852
543 762
2434 3249
5061 5637
822 814
2040 2345
1064 1596
3873 5880
3424 3991
478 451
4179 5572
898 916
2263 2723
1056 1312
1144 1168
1167 1210
1137 1171
2517 2631
3978 5294
930 1054
2012 3168
689 888
4357 6322
3466 5200
287 334
5963 7723
834 1199
3223 3184
2475 3945
745 1153
1869 2162
2253 3837
2602 3255
2790 3274
1345 2674
4141 4997
3768 5114
3234 3226
3568 5650
748 716
1606 2116
385 434
7955 16221
4846 5785
2674 3545
2655 2440
603 584
1464 1491
6906 16358
449 436
1757 1749
354 386
3235 5918
1738 1901
312 363
3795 5796
467 618
5660 6743
17877 19016
322 379
2848 2495
1378 1485
4572 3138
9047 14516
977 1071
1353 2843
978 1098
4215 4438
465 660
1085 1929
1568 1348
5097 4855
407 461
2643 3192
3069 3776
2267 2845
1369 944
1833 1888
419 477
6188 11210
555 575
3155 4998
1248 973
2124 3387
228 259
3063 4305
572 597
6016 5966
844 1089
1849 1581
1424 1361
6288 10694
1187 1051
1662 1763
1286 1430
2781 3336
1675 1864
1781 2055
724 729
2489 4306
901 1091
4151 6552
905 1400
3645 2891
1122 1947
4885 3900
710 808
6646 11333
557 629
3248 5019
1668 1733
4662 4402
849 1075
3453 5492
1822 2302
9114 6872
347 397
2023 3785
4865 6303
5422 5307
669 717
5815 14055
917 1008
4002 3763
1689 2700
2821 3133
1576 1516
4103 7356
729 709
3265 3893
2916 4331
3078 5214
3913 5103
556 710
2079 3852
3312 5062
6175 9391
810 819
2841 4100
1106 1291
4514 6192
7033 10482
1269 1472
532 578
4726 5464
459 560
1823 2620
2347 3347
953 1275
991 936
1774 2276
2220 3188
454 523
2171 2853
4585 5218
1405 1513
2765 4744
1903 2784
1584 2895
2764 2956
544 686
997 1101
5631 9145
1855 1955
938 1021
3114 4044
2620 4494
3716 4764
5370 11162
648 788
778 904
6810 8091
3047 3784
1787 3321
3504 3777
1359 1490
1534 2004
1851 2003
824 1164
381 403
3730 6492
642 849
1636 1836
3333 3275
894 1118
734 884
6693 6616
3022 2410
2361 2435
5734 8178
3314 4446
1010 1044
6031 10559
438 503
546 563
6999 9588
496 566
1716 1432
4400 5689
540 573
2628 5111
4164 5057
1456 1682
3904 7746
2844 3668
1423 2575
2582 2890
4524 10005
954 1123
1840 3691
5558 8029
1060 1350
1515 1476
3186 6302
732 894
2097 2617
6606 5376
2200 1737
1871 2070
5912 6289
2654 3495
2422 3165
3886 6381
1298 1679
1461 1638
2881 3196
1599 2202
3346 6036
3915 4622
1160 1549
2414 3665
6821 9696
2949 3669
1477 1710
7054 11289
2180 4214
3202 5683
7203 14554
1154 1242
2594 5496
5536 8110
1778 1807
2920 4539
1293 1847
1131 1518
1392 1504
747 862
784 1082
5793 8008
1381 1161
2701 3231
625 735
986 1027
679 912
5696 6398
3617 5955
867 795
1053 1241
580 569
2107 2738
3940 4355
2435 3035
2004 2547
864 1034
1334 1591
3240 5355
1239 1512
630 626
2989 4365
6536 6423
2103 2414
3374 3411
1404 1546
1201 1618
800 950
2615 6001
1327 1884
886 1029
2755 3219
1001 1645
1361 3534
946 961
4922 5932
1827 3203
1178 1322
1470 1222
896 996
2565 2822
506 531
4414 4497
3472 5663
2860 4012
1938 1860
1496 1454
1959 1777
971 1223
2725 4088
1936 2857
1408 2054
2157 2311
976 1128
2198 3977
2378 2758
2488 3429
1554 1904
2748 6336
595 628
2091 2190
2998 4003
1513 2963
1177 1356
1522 1426
1093 1269
3293 4423
2388 3281
1090 1059
1603 2267
718 774
2627 3549
1375 2255
3664 5807
1402 1868
1391 1841
4458 6483
1761 1972
1186 1344
2273 2536
605 651
4499 5093
3170 5184
1386 2586
2068 2368
2113 2427
1718 1342
1663 2024
4906 5323
1180 1438
1683 1683
2224 3102
3278 3554
4221 6297
1868 4029
3808 6233
1872 3620
1443 1407
1173 1582
2671 4719
2211 2136
703 839
952 1080
5979 7498
870 877
1208 1209
4914 6305
2393 2452
1139 1424
1595 1739
1777 2365
1616 1554
1733 2137
5167 5004
1836 1844
2595 2803
3792 5144
2577 2377
2823 4808
2617 3312
1943 2000
2128 2548
3015 3459
1626 1687
5200 5368
2289 3029
987 854
1528 1585
1504 1666
1020 917
2084 2779
1789 2214
4010 4509
1669 2194
4029 5805
2140 3200
3243 4792
1089 1103
1368 1665
3125 4178
1299 2097
3930 4302
2455 4151
2424 3030
5721 7270
2385 2610
3483 4123
3246 3797
980 948
2367 3170
2420 2436
2454 1871
1494 1646
2623 2955
2412 3885
1608 2344
1970 2460
3006 4199
1853 2021
2827 5174
1357 1563
2226 2415
4085 4912
1613 1659
2870 3303
3134 3730
3448 5597
2457 2742
1541 1953
1501 1711
2853 2847
1516 1806
1292 1225
1035 1216
1962 1713
1325 1192
2133 2821
1997 3563
2135 2043
2857 2713
1390 1422
3175 3749
1111 1188
1560 1848
1335 1150
2869 2396
3046 3843
2009 3687
2700 5400
1843 2556
2859 3221
1531 2485
5669 5575
960 935
1549 1797
1360 2185
4473 5833
1698 1541
1203 1447
2088 2036
1128 1046
5341 9398
3096 3735
3806 4667
1696 1537
2525 4797
2679 3163
4282 5199
3002 3081
3507 4265
2229 2577
1563 1816
2799 2818
1228 1293
3608 4513
2196 1751
4205 5038
3875 4773
2445 4192
3277 5518
1315 1592
2783 5352
1362 1911
1640 1689
2439 2238
2150 2416
1674 1976
1655 1673
2952 4642
4554 5394
1559 2402
4779 6378
2737 3125
6238 6388
6094 6499
4811 4252
3113 3298
1492 1398
1251 1747
3029 3488
3443 3938
2163 2096
4961 5045
3239 3792
3927 5067
3154 4518
2919 4707
4816 5267
5825 9228
3447 3990
2337 2765
1371 1489
3461 3800
2543 3618
1835 2008
6051 9019
1985 3120
3166 3077
1481 1276
2384 2492
3541 5635
2308 2462
2661 3825
2847 2591
3358 4579
2951 4500
3191 4917
5126 6265
5268 8090
1677 2213
2665 3269
1472 1542
6798 11934
6531 8183
5215 6673
3150 6132
3129 4584
3407 5207
4722 4915
5312 5036
2626 3197
1956 1649
6607 10948
1819 2158
2025 2040
4210 4760
3107 5408
1480 1796
4413 4148
5569 5937
2990 2677
4017 4585
3414 3933
2947 4587
1879 2073
2899 4296
3404 3932
5511 3841
4387 4964
1370 1991
2328 2374
5408 6176
2720 4813
2299 2991
3656 4625
2888 4048
4260 4581
4045 5344
5518 6464
1737 1712
1748 2526
3290 4450
5055 5604
5191 6680
5444 6439
4950 5204
7161 8436
4965 8713
3410 3514
2077 2447
4930 4923
4559 5525
2537 2563
3741 5021
3491 5083
5319 3909
2939 4645
5806 7853
3382 5444
4968 6007
4162 7038
5476 6129
3142 4280
2545 4119
5384 7391
4946 6094
3926 5619
4537 5758
3095 5353
3100 3477
3725 9548
2290 3096
2564 3359
2968 5069
2069 2704
4131 6287
5772 7405
3140 3198
5048 6755
2691 3729
2931 3051
19985 6123
5616 5667
2162 2400
3546 3939
4081 5787
2046 2941
2280 3493
2873 4050
3848 3761
3718 5094
4942 5850
3889 3506
4705 5607
5042 5559
4851 5449
4262 3906
4087 3107
1969 2098
5158 7444
6408 10809
3536 4076
4535 5399
2193 1785
6207 5319
3041 3608
6152 7266
4520 6635
5082 5438
2035 3121
1999 1923
5972 7081
4183 4656
3543 5278
2739 5034
2625 4209
2596 3739
4193 5165
2258 3562
2935 2578
2119 2271
5939 7943
5225 5790
6909 8150
4296 4843
3193 4762
2397 2615
5095 5166
4684 4440
4427 5916
6173 5605
5594 4364
5223 5976
2597 4820
2934 4475
4328 4863
4941 5374
4250 4457
4602 3232
6241 7631
3903 5772
1874 1335
4382 3731
3213 4951
4777 5332
3438 4668
5459 5330
5451 4312
5247 6107
4360 5024
6826 4700
5970 6683
240788223 395353756
1
sift 103
199 172
7805 95
522 284
676 540
700 555
885 610
399 324
2472 1959
999 611
869 597
1050 753
925 709
1434 1587
3157 3472
1045 1109
8753 2904
3091 2465
2014 1605
688 677
1656 1161
1634 1688
2676 2509
1732 1535
969 817
1027 742
1820 1564
1458 1117
1141 1149
3463 2975
1367 1319
1310 1232
2496 2319
808 774
1525 1348
5432 4937
878 939
1713 1431
2033 1371
1004 790
1604 1757
9628 8644
1069 1193
1573 1297
5999 7702
1564 2235
1073 891
5539 7430
2639 1595
1152 936
7028 5302
2758 2400
3136 2994
4583 4726
2469 3249
1312 1135
5010 4669
2209 2148
2021 2172
4578 3225
2906 3268
2913 1878
9311 9498
1511 1649
1209 1119
1260 1506
1681 2170
4656 2298
1792 1786
1110 899
7382 5928
1915 3248
1440 1679
2467 2183
2866 2875
2611 2180
1692 1726
2770 3212
2410 1785
3206 4052
3147 3582
3416 3877
2203 2669
2286 3899
4903 4871
3566 3819
2944 3979
3531 4358
2607 2783
3292 4763
7388 6565
3215 2534
2744 3031
3721 4700
2064 2477
3892 5739
5470 3863
2528 2998
3383 3920
4094 3338
9071 8624
3596 6331
4007 4680
3562 4062
240788223 526676255
1
sift 89
6222 3332
1497 928
8301 2306
885 600
5314 3065
676 543
700 668
399 339
999 573
1974 1630
1433 1013
1045 858
2472 1773
2014 1312
1309 847
860 753
1634 1501
1458 875
1050 800
1027 632
969 721
3091 1923
5576 5529
1367 897
1732 1099
1141 1193
1075 853
2242 1589
808 649
871 629
5999 4243
1310 1160
878 712
3912 2211
1525 1029
1604 1217
2028 2230
1004 713
5323 3184
1069 1017
1016 872
1564 1369
1573 1458
1400 1260
1625 1197
1260 874
1312 973
1153 814
3136 2235
2838 1529
1665 1285
2209 1462
2557 1765
1915 1632
4477 3036
1511 1208
2469 1886
1792 1180
1110 765
1440 1148
2769 1653
2285 1925
2978 1722
4086 4063
3206 1659
2819 2160
4836 3977
2500 1761
2868 1723
2227 1563
2286 2126
2885 3697
7807 9143
2845 3265
2611 1928
2064 1545
2203 1678
2828 2199
3261 2574
4007 1694
2744 1394
4701 2922
4786 5569
3120 2059
2528 1747
9960 7143
3992 2185
6837 6510
10336 7221
240788223 647587664
1
sift 117
199 337
3091 3496
230 363
676 759
1820 1811
885 969
399 561
5726 4401
999 936
868 782
925 910
1433 1667
1045 1213
1634 1474
688 897
2014 1895
1309 1876
1310 1327
1458 1536
2676 2811
1027 1385
871 898
808 940
1525 1349
1075 1488
1713 1432
820 966
1069 1215
1625 1383
3257 3188
1564 1943
1604 1706
2021 1703
1400 1588
1004 1250
1665 1837
1573 1748
1117 1539
1152 1280
3136 2745
2538 2037
1915 2438
2897 2495
1209 1419
2913 2395
2209 2241
1511 1709
1792 1580
1715 1696
1312 1630
1260 1831
1440 1631
2639 3025
1681 2247
1766 1755
2301 2187
2866 2559
2227 1996
2285 3114
4086 3739
3102 2724
3971 2674
2467 2246
3148 2504
2944 2657
2819 2644
2616 1988
3721 2892
4692 4410
1691 2049
7697 5668
2340 2527
3261 3243
2611 2760
2326 2212
4353 4097
3180 3042
1977 3012
3430 3676
3206 2501
2845 2931
3292 3245
4069 2936
3416 3891
2148 2214
3892 3186
3215 3355
2064 2182
3245 2853
2607 3027
3253 3150
3956 3550
2319 2800
6837 5464
6738 4696
4007 3052
3596 3237
5578 4708
3383 2728
6065 4436
4818 4470
2011 2332
3562 3109
3019 2436
6298 4461
2868 3480
4094 2986
3119 3116
4290 3129
4219 3552
5398 4167
4244 4595
4089 4482
4577 4353
5608 4622
3997 2795
4273 5072
240788223 794848845
1
sift 123
84 85
636 366
4489 2216
516 365
264 407
558 439
164 139
5574 7062
8268 10540
880 571
388 309
176 155
1508 985
4114 2118
2008 1211
5987 3269
19270 8527
2029 1708
315 306
517 461
423 381
502 445
259 222
269 299
1217 1003
242 200
713 476
2389 911
7004 10516
221 225
941 1137
2218 1691
840 626
1218 913
6933 5603
5156 3098
3360 2327
524 487
837 650
1028 1111
924 655
984 639
1813 1453
1014 798
4974 4010
3484 2863
1978 1785
5041 3037
492 482
1911 845
3371 1198
2270 1942
7284 9134
4778 4417
1735 1445
1052 905
6613 5962
2076 2261
283 275
2554 2095
4508 3950
1620 1668
2376 2203
3322 2057
1164 955
4485 5687
3024 5552
7310 8874
2302 1429
7289 4450
825 773
2794 3010
4128 2665
862 563
2572 1621
2122 1779
1947 1650
6498 4624
4825 4247
4185 5624
964 999
3444 4189
7826 7507
1877 1608
3455 4357
990 839
1194 811
4380 4124
918 806
1586 1664
3745 3597
3860 2907
5069 10300
4995 3225
1776 1504
4741 3019
3208 3035
1283 997
4642 4409
2404 3289
1229 1376
1279 1354
2356 2707
2629 2263
1281 1058
8410 7719
1623 1296
2778 2700
4379 10463
2201 1557
1815 1726
6110 6801
1235 1030
5622 5409
4011 5995
2369 2232
1981 1293
4735 2975
4187 3394
2470 2110
3088 2267
3197 2167
3775 2938
240788223 2147306674
1
sift 523
1146 1184
45 60
101 104
168 173
618 725
88 97
5921 4769
239 259
203 183
117 124
187 191
1037 1111
122 113
559 1064
310 384
957 837
409 361
193 186
426 498
157 134
2402 2851
776 811
510 524
435 406
343 262
2588 3163
589 500
211 185
447 387
240 234
944 678
887 1068
1012 744
487 415
206 175
511 541
597 446
706 666
752 833
246 248
2520 2944
2896 3936
614 597
1618 1696
303 309
1601 1327
1495 4518
639 607
2865 4045
766 704
678 611
286 327
192 265
1817 4268
758 548
773 765
1378 1136
414 347
5217 6739
448 442
717 593
1114 722
548 531
892 910
335 321
5453 13402
1790 1411
380 366
937 942
521 432
2040 2311
546 385
209 218
940 843
284 263
1869 1533
3501 2763
694 860
786 658
850 477
1305 1337
3365 4747
233 219
6273 8731
219 193
4026 3376
1392 1141
279 254
2012 2360
2417 1531
1781 1513
4463 5068
216 187
3795 5006
290 343
1662 2241
4938 4248
552 471
2655 1773
588 486
2821 1959
1178 933
446 431
1353 1988
478 285
4023 5497
506 428
994 738
3063 3586
416 482
4544 3244
2903 4090
1137 938
6075 5819
689 631
2863 3312
2157 1450
748 612
3453 4477
354 264
7033 5824
4203 4472
834 1065
5694 13354
312 316
3114 3228
4272 2785
977 698
6211 11759
3768 2998
2602 3345
3301 2826
385 398
4453 4264
572 478
2171 2714
5702 4701
228 212
2764 2091
322 339
3384 3562
4124 3238
669 542
4461 5846
843 973
2841 5256
1528 1080
1424 1044
4110 5106
555 441
3803 5517
2878 2189
1187 1052
1851 2055
556 451
4467 3868
1638 1489
709 544
6343 6058
729 520
4927 3525
4663 3444
849 930
5912 5788
1675 2130
4472 4598
1435 989
459 462
5733 5413
3272 1718
3886 4338
3448 1990
991 853
2881 3005
1822 2384
6037 8688
3873 3977
1855 1651
2682 3996
1576 1788
6681 3592
3125 2373
3905 5010
4645 6865
1599 890
10411 15069
1964 1647
381 272
7045 9958
998 1104
5902 3535
4704 4876
938 869
7054 12510
1010 839
6646 4712
4020 3779
778 730
6256 6719
3537 3513
18508 12440
2784 1911
1534 1635
7041 6125
438 368
11465 13552
3235 2821
544 522
982 981
5449 5330
1359 1470
894 821
4719 3658
2654 3733
2097 2011
4572 3289
2949 3253
1160 1201
4045 5398
2560 1607
626 464
4946 4950
648 889
3346 2403
3838 2456
2484 2392
1514 1248
2124 2230
1293 1241
3287 2428
2781 2441
1461 1404
1176 960
5641 5104
1778 1344
867 599
3543 3455
1399 1686
2594 3055
5192 4527
2755 2047
1060 1636
5276 3786
864 948
3654 3855
3932 3082
1381 956
2436 1769
5422 3606
3618 3861
886 895
2488 1818
1810 2451
2198 2083
2860 2418
2107 1511
1938 1536
1327 1321
800 756
1936 1968
1470 980
3940 3919
1959 1244
971 771
1090 775
2725 2631
1386 1502
3172 2934
1447 1759
1404 1188
595 543
5168 3653
2388 2140
1186 1239
2565 1966
1683 1120
2926 1880
2855 3028
1761 1251
605 518
5679 3717
1320 1269
1192 1101
718 681
2830 2052
3808 5214
782 679
952 791
5425 4058
1443 1163
870 820
2577 1711
703 670
1504 1072
2372 1760
1171 1028
2128 2097
2385 1882
1208 1022
1020 640
2113 2184
2481 2596
2289 1904
1093 1898
1718 1553
5979 5177
1873 2553
1943 1619
2692 1787
1836 1601
3299 2825
1626 1584
1335 827
4010 3436
980 606
1025 625
1669 1465
1368 1225
6342 5393
1962 1557
1111 848
5797 3619
2226 1918
1089 964
1919 2273
2009 1715
4914 4911
2133 2077
1613 1285
3246 3107
1500 1083
2412 2539
5721 4564
2420 1295
1360 1455
3930 3340
2368 2245
1516 1357
1608 1655
1575 1480
2424 2778
3243 3257
1996 3258
1843 1920
2457 1951
1549 1209
3650 2404
4955 3711
3134 3975
2857 2363
1560 1929
3006 2771
1219 992
1292 1346
4320 3881
3277 2844
5855 4799
2723 1804
3923 3088
2432 2735
1640 1393
1642 1386
2869 1860
1655 1280
1096 1129
2429 2562
1315 1147
2859 2319
6453 4242
2443 3149
4611 3398
4779 4880
2088 1521
4425 5437
5388 4674
4860 4602
1203 1293
1563 1264
3166 2232
4816 3669
2447 2448
960 793
1362 1795
2874 2400
3447 2647
3689 3673
2163 1564
1370 1167
1648 1351
4812 2803
3804 3266
1481 1142
4226 4321
3943 2482
5126 4212
3926 2388
2543 1932
1901 1499
1748 1307
1492 1145
3766 3478
3461 3022
4928 3062
2737 2369
5825 5026
3697 2734
3419 4118
2025 1548
1228 1575
1800 1377
3239 2527
2661 2723
5590 5490
1976 2142
1956 1115
1677 1789
4209 3305
2234 1697
1371 1481
3382 3213
4396 3517
1759 2022
3381 5265
1517 1220
5102 2619
5806 5174
4589 3982
3927 4099
1819 1770
2545 2289
1879 1549
1834 2017
3816 3422
1472 1202
4694 5165
5408 4292
2899 3453
4413 3183
4898 4983
3491 2916
3040 3973
3129 3287
2179 2397
3742 3210
2888 2616
4968 3443
3100 1611
3404 2974
2299 2178
2968 3782
6523 5855
3414 2879
5916 3644
5834 4279
5191 4710
2564 2473
4909 3571
1737 1380
5048 4069
3554 3374
4794 4126
4559 4735
1163 923
5748 4647
2077 2713
3931 2102
4081 3186
2069 1772
19985 3817
2279 2002
7120 3232
2433 4686
3189 2597
3848 2347
3505 4092
2463 1591
5481 4053
1969 1505
4131 4405
4262 2738
2046 1806
3718 4004
2035 1693
4705 4137
1999 1031
3899 3477
5236 4015
3496 3765
2119 1397
3093 2887
6627 4047
5031 4873
2193 1301
3831 3728
5158 5981
5335 3314
5996 6203
4629 3643
3903 2370
2397 2063
6173 3712
2934 2633
2597 3202
1874 1099
4835 3420
5516 5032
5183 3789
4250 3193
4243 2755
4817 4184
6241 5973
3438 3706
5503 5295
5451 3175
4602 3995
3276 3735
5247 3710
6410 5648
5239 4337
4360 3310
6191 6179
4777 4089
5475 4121
263704130 395353756
1
sift 346
314 434
835 1150
1206 1883
907 1027
22 23
1662 1630
1701 2359
1317 3229
1816 2506
699 868
303 477
279 284
5360 3700
2561 3576
417 584
208 221
2586 833
10396 7950
1621 1875
2246 2867
4090 5285
218 278
10238 9059
605 666
4649 3276
97 117
133 160
9016 9541
8064 9303
302 359
3727 4536
5570 5149
4398 3266
4305 4193
427 319
277 352
159 198
5625 4703
1436 2667
205 246
6828 6130
184 239
394 298
206 276
240 376
6719 6714
7574 4408
1728 2140
450 615
475 540
858 563
308 341
610 795
225 288
1759 1474
228 269
230 262
2498 3765
1110 637
430 421
5474 6289
580 719
3903 2560
296 325
590 683
555 872
4590 3809
613 610
346 442
594 597
3542 2414
1920 2433
313 324
697 709
713 492
676 618
375 498
1344 1588
1558 729
900 1160
757 1014
1453 1605
4735 3003
7237 7247
2918 4965
3519 4289
1059 665
620 875
574 425
1484 1688
2890 1024
768 926
754 725
988 1365
3714 5387
790 1137
3635 5159
1084 1117
3912 2825
564 391
951 1504
1117 1319
6185 4222
1291 1845
3019 5560
4633 7023
2462 1001
1677 3430
1054 1838
1147 1149
2455 2370
935 1166
1290 2463
1013 1232
2828 2088
864 1049
7704 9258
848 703
2703 2713
1377 1771
2044 3234
1185 1348
4316 5617
2481 1766
5549 5392
1361 1431
865 916
886 1212
1462 3082
2388 3249
3337 1493
1546 2069
1263 1963
2037 2401
740 556
1563 2175
4178 6601
930 1192
2656 1814
4111 5242
3982 6851
2280 3268
6963 3254
4695 7148
469 585
2181 3213
860 1128
2793 3823
3326 4566
1259 1297
2103 1395
2802 6118
857 1109
880 937
1837 1327
899 1025
3443 3569
2566 4315
1994 1582
5725 6750
1197 1214
1036 1343
2268 1948
1933 3211
3882 5461
1740 2148
2569 1975
1267 2220
4384 7440
1753 2235
9608 8063
3037 6943
996 849
1631 2375
3784 2568
5166 6215
2541 4302
1243 1650
2510 2924
5418 7185
774 817
885 1119
7724 5812
2316 5749
3170 5069
1311 1786
2955 3167
2913 6199
1825 3069
2250 2845
8907 6684
826 742
2167 5326
2201 1595
5566 2993
3833 6074
1769 2246
2007 2234
2394 1370
1765 2639
2574 4092
1659 2665
3491 3139
2562 4984
2863 6246
1523 2170
1751 1310
1257 1271
5658 5224
5601 4666
6976 5531
1329 1675
6709 3622
1069 1679
9613 7159
1900 3448
2970 3964
1911 2074
1756 1381
3424 5917
727 774
1552 1700
13176 9309
4651 8595
720 733
4302 4602
4830 4003
6235 7277
4967 6827
1909 3866
5733 7493
1934 3431
4234 7329
4057 4872
6202 8743
1724 3950
3668 7410
3813 5300
6988 3982
4795 4807
5276 6473
1856 3248
1744 1695
3703 6794
3287 3469
738 753
3348 3251
1957 2269
8053 8549
1737 2192
2873 4405
755 790
7510 7721
3176 4979
2538 3644
1302 1300
1772 2183
1312 3066
4289 4841
2392 3899
3434 5778
1319 1801
3295 4353
3889 5913
2117 2465
2003 3445
4429 7704
763 892
2011 3582
902 1135
2480 3472
2713 3877
3296 7399
4183 7497
5412 7597
5256 10846
6959 7697
1726 2998
1441 1971
2137 2449
3640 4724
4806 4474
980 1161
2758 4700
2515 4533
4897 4152
2042 3589
1240 1168
3288 2298
2783 3979
8415 8249
1056 1506
2781 4052
2000 2532
2026 2975
2414 4062
4266 4475
1527 1502
2098 2477
698 899
2982 4937
4550 5988
1281 1411
1292 1564
3448 3045
1245 1372
1847 2876
2540 3277
3918 3306
1645 2319
3571 5739
5727 7045
3379 3106
3449 6331
10018 9346
2045 2547
2858 3920
6497 6390
1950 3212
2698 2978
8861 8425
1636 1785
7364 6798
3362 3479
3312 4726
1892 2180
1989 3031
3537 3172
7151 5716
3937 3838
1901 3493
1411 2104
5587 5292
1768 2669
1875 2783
14126 9712
6383 7430
5213 4669
2461 2985
3217 2944
10142 8644
2674 2534
3468 4322
4620 3918
3142 4680
12581 9517
263704130 526676255
1
sift 68
302 379
1344 1013
430 477
613 600
1117 897
313 339
998 847
1147 1193
857 858
996 844
1185 1029
774 721
826 632
1036 1050
1329 1319
805 853
930 1016
727 649
656 753
880 814
1737 1540
738 800
1753 1369
755 713
1319 1257
1631 1285
1302 1221
2117 1923
1740 1462
8053 8867
902 973
1244 1208
763 840
1056 874
1856 1632
1240 1157
1441 2167
1069 1148
1950 1654
698 765
3812 3602
1527 1247
1415 1799
1957 1723
3379 2371
1245 1207
2392 2126
3362 2537
1901 1762
2837 1925
3537 2832
1645 1884
1626 1563
1636 1430
2904 2211
2174 1957
2443 1733
3979 3034
4364 3977
2721 1907
1768 1678
2099 1544
3383 2184
1892 1928
4550 4143
6051 2922
3142 1694
3448 2059
263704130 647587664
1
sift 101
302 492
475 759
430 731
613 969
594 781
313 561
676 936
697 910
1291 1823
469 776
1344 1667
857 1213
998 1876
1453 1895
1084 1536
826 1385
1185 1349
774 1473
727 940
1362 1433
805 1488
7511 5553
930 1216
2566 3188
755 1250
1544 1703
1631 1837
1319 2219
880 1281
782 1517
921 1539
1259 1748
1753 1943
2117 3496
2873 2036
763 1230
3296 4774
885 1419
3288 2333
1056 1831
1740 2241
1243 1710
1282 1697
1069 1631
1847 2558
1292 1811
1523 2247
2003 2187
2045 2545
1659 1754
1626 1996
4436 4867
1551 2073
1911 1988
1411 3012
2002 3060
2201 3025
7364 4620
1772 2246
4526 4436
3979 3401
3728 4410
1373 2049
1892 2760
3067 2724
2758 2892
4577 4401
4383 2674
3597 3676
1876 3026
2837 3114
2220 2527
2790 3872
2174 2369
2721 3793
2713 3891
5412 4167
2726 3006
1957 3480
1840 2214
2545 2212
3571 3186
2414 3109
2098 2182
4350 2912
2540 3075
2781 2501
2047 2332
3152 3521
2995 3243
3449 3237
2551 3531
4717 3140
3448 3115
3710 3672
3835 2795
6036 4751
6170 4026
6464 3238
4990 4470
3567 3552
263704130 794848845
1
sift 221
5228 2834
1600 1855
761 1304
520 307
428 693
6088 2566
8415 6433
2823 2659
7812 3802
226 184
181 198
1206 1129
11255 10517
7851 7874
7032 4744
1961 1998
252 279
1780 3762
3899 3963
7012 5994
239 202
1383 961
10783 7960
12488 6888
4864 5055
201 191
273 267
7825 5776
13981 10680
9350 9611
347 285
234 196
8479 6735
8962 10099
4434 2986
599 620
9251 8403
5360 3666
5343 2584
3135 6566
361 422
8009 6928
10238 7249
8714 6237
9161 11511
629 623
129 140
8842 6914
2184 3384
1466 2037
942 1211
8465 10033
9324 8154
474 321
148 155
7159 7863
5475 3507
573 571
752 490
10550 12741
15117 6866
674 439
323 309
12955 11632
6467 5747
4298 5504
1729 2118
8813 5913
1181 1162
1006 985
297 316
14400 16659
772 1254
1623 1309
7421 1652
16284 14621
586 1072
709 1280
937 1485
8875 7141
5753 3284
684 602
432 476
356 306
372 381
472 461
1467 1238
405 402
451 475
1431 1175
236 199
214 222
1071 761
242 296
890 742
1183 1003
2232 3039
665 909
926 1086
310 299
1198 1691
2358 7173
634 594
5048 3048
812 626
637 462
1562 1358
7723 4348
199 247
723 681
4735 4660
7469 5604
19989 6040
5299 5322
222 225
463 503
460 364
646 512
730 638
548 494
671 650
881 1111
1314 1024
483 487
3620 5796
1058 1228
4482 9134
8742 8077
10072 9870
1026 655
8350 10952
3772 4010
1298 1785
6310 12682
3161 2101
2312 4106
1116 1303
12605 11256
2075 3037
3971 2863
1619 3092
2986 5473
1932 1453
2271 6793
6580 5653
5479 3950
441 482
1536 3296
2462 3030
2258 3894
245 275
2057 2095
740 842
327 353
1582 1445
2657 5415
10327 7182
747 755
13237 13664
873 905
6677 2773
8598 4329
5001 8874
2756 2439
3685 10378
2888 3965
1627 1779
576 561
1268 953
4054 2665
3090 6136
641 772
8112 9624
1637 1429
653 677
6117 5940
1380 1608
662 562
7133 6000
968 825
836 839
2496 1884
853 999
2549 1650
651 805
4186 3899
1008 811
1348 1664
4877 1787
1162 786
2384 2644
1756 2708
4197 2710
1092 1296
1353 1558
3631 2116
1145 996
5184 3019
1532 1421
1024 921
13962 16381
1324 1151
1748 1726
1854 1692
1031 1355
1293 1058
3407 3160
1924 1724
1723 2468
1796 2110
2842 2700
2112 2201
1747 1557
2403 2263
5367 3440
6243 1915
5495 3394
2767 2975
2587 1771
7101 3255
5517 3374
263704130 1390762317
1
sift 85
14182 12628
893 1114
181 273
1317 305
220 243
937 1571
7238 6324
1927 2298
1508 4114
7032 8320
4369 6189
2961 3759
12234 12141
318 483
2232 6071
4434 4071
10239 12764
199 279
4522 2066
1131 1562
634 1215
8035 6009
8009 9909
2986 9353
366 297
129 152
245 302
752 566
323 322
2075 6411
148 188
297 347
3674 5501
451 374
372 406
4796 9880
472 492
405 441
1367 1941
214 250
310 333
1886 2449
637 461
222 281
9527 5687
1053 758
14690 12283
671 721
873 846
1108 934
1340 1380
653 725
1628 1675
2549 1728
651 961
663 769
3407 2202
1532 1479
1091 1057
1145 1256
1024 943
1323 1290
2416 1646
1031 1203
1162 1156
2469 1945
5367 3968
1188 1322
1369 1403
3904 2126
6829 8343
2842 3179
1796 2124
1293 1338
3469 1904
2587 2065
6243 1915
6848 6919
3593 4499
2113 2903
2767 1850
8915 3133
2799 1710
3385 2670
4760 4229
263704130 1421978266
1
sift 61
296 296
8963 5347
1218 567
13040 429
564 372
1262 1718
948 860
5549 3670
11020 8163
996 628
1257 988
13083 5386
656 505
6709 3572
16139 12543
1378 1103
1521 1402
3437 3211
11255 6688
1744 1439
738 646
5228 4415
1302 868
10019 6815
2480 2051
2026 1466
1240 948
8415 4637
980 779
698 614
3379 1929
1950 1369
1527 1167
4377 1899
2698 1558
1826 1767
2066 1902
1901 1205
1636 1092
6497 3539
3362 2700
5587 3005
6383 4006
11951 7987
2443 1946
2034 1400
2461 1381
5406 3385
3217 2450
8984 4501
7151 5323
3537 3048
4273 1858
8542 3538
5247 3223
4799 2968
8113 4743
8729 4185
13564 6831
10279 19995
7735 3439
327837308 2147306674
1
sift 959
57 59
39 54
53 58
84 84
72 73
97 83
113 97
122 109
117 104
945 557
105 79
153 147
354 259
156 128
835 811
246 217
433 563
129 124
743 725
1000 734
163 172
482 480
147 113
215 191
586 500
358 270
13900 9334
175 134
929 837
501 382
562 362
865 997
182 132
4394 3163
1485 1136
220 186
1360 1501
207 183
997 678
1079 722
534 384
646 541
525 532
1626 1327
1347 1454
199 141
681 618
308 233
4083 2944
639 497
225 185
846 611
655 524
768 765
2486 1411
248 214
1949 1630
268 234
2553 1735
565 389
442 335
5469 6229
574 498
1003 910
563 385
864 673
2371 1367
323 247
5393 3441
1504 1141
483 460
2431 1921
316 284
2352 2311
2451 1658
488 401
13867 6977
542 540
1170 1196
871 695
332 245
3249 1440
1519 743
2162 1533
531 428
341 248
3095 2218
800 666
2875 2358
2311 1450
385 275
3997 3136
347 224
5975 4935
1321 934
418 268
7609 5523
415 309
1945 1493
4805 2826
732 546
3594 2189
771 704
1658 1337
1654 1271
644 607
1721 1489
303 210
1768 1371
1200 989
489 406
5520 3569
312 237
2055 1513
1585 1080
414 390
5880 3977
742 436
2543 3484
1688 1647
427 347
4861 3349
1053 650
6384 3963
4178 2373
543 442
2459 1812
422 321
3133 1959
4297 3289
576 531
6815 4956
348 253
1763 2241
6094 4950
504 366
3456 2246
610 587
3839 1960
4935 1910
321 263
5462 2886
2287 1531
5312 4174
5271 2970
247 193
1995 2175
1067 604
4158 2031
2891 2280
288 218
4231 2656
659 432
4957 5496
3387 2230
329 244
14089 7369
251 220
8953 5411
4402 3264
319 254
8370 5883
219 187
4998 3960
5349 4448
832 799
3255 3345
969 742
4044 3228
3607 3182
396 261
6743 5798
466 354
10482 5824
3337 2442
1165 660
4855 4973
356 344
2853 2714
3980 2655
918 477
4392 3494
571 471
6121 2881
4308 2584
404 276
5169 3592
451 285
9588 6304
4576 2769
989 860
3264 2724
943 616
7478 4598
6067 3135
594 422
3623 3535
616 486
6149 4302
5307 3606
467 387
6056 5122
880 579
6381 4338
1168 691
5966 5776
675 503
8202 7250
632 431
677 440
1419 1381
417 260
1363 966
463 352
648 751
845 735
1042 738
952 731
1295 1121
695 564
12057 6529
888 631
532 400
815 866
1378 1483
1869 1696
1318 988
1171 938
561 430
716 612
514 482
816 1024
1124 1118
386 264
3432 1598
1399 1781
4551 4045
5527 3093
746 683
1071 698
1313 1247
585 377
363 316
2323 1375
1234 1223
6057 4803
697 466
631 575
717 542
1540 1082
434 398
397 289
597 478
709 520
259 212
379 339
1051 1052
739 513
575 441
973 890
1153 1296
704 608
475 341
618 596
1089 972
1545 1192
1199 1065
1472 1310
702 862
1028 785
5629 3951
755 615
560 462
710 451
808 545
1611 993
936 853
1106 892
982 814
1955 1651
1864 2130
1516 1677
3373 2051
891 795
1560 939
1291 621
680 774
1478 1374
1237 871
533 427
1008 897
1075 930
941 595
799 658
402 273
3187 3178
1149 977
7289 5192
921 712
903 843
2890 1736
1391 907
686 522
1179 1288
5002 3600
817 875
649 626
1836 1025
2302 2384
3420 2355
1043 840
1021 869
1947 1516
6159 5010
2621 2029
1476 1249
2617 2011
904 730
1001 943
4942 2819
5826 3461
1100 1104
573 449
750 732
1737 1304
6436 3970
875 863
476 330
3045 2567
3495 3733
1490 1470
733 510
2046 1272
1262 952
849 580
736 464
5214 4814
1511 1037
1368 915
3669 3253
1118 821
2004 1635
2454 2015
788 889
761 647
2605 2702
2985 1935
759 494
1210 1045
6036 2403
795 599
1161 956
1637 1405
3157 2808
986 824
1566 1051
3251 2461
1548 1200
1049 876
3219 2047
1679 1122
5059 2646
2297 1744
1860 1536
5931 4075
2616 2004
4523 2413
1434 1034
1752 1318
3256 2462
1474 931
5496 3055
4012 2418
1695 1538
1034 948
4588 2428
4565 2925
1298 1174
2658 1656
1123 708
5500 3983
12631 5470
4275 3120
1350 1636
2857 1968
1599 999
3035 1768
955 801
2738 1511
1059 775
4355 3919
3977 2083
924 661
3281 2009
12429 4280
1222 980
3429 1818
6424 4604
1039 918
1451 1076
1683 1120
5005 3653
1777 1244
950 756
4002 2794
785 788
5628 4153
3009 2045
6001 2468
7620 6514
6985 4755
4486 2317
642 521
2390 2180
1749 1287
3405 2692
1196 790
1223 771
1029 895
2586 1502
628 543
1393 1043
1546 1188
2568 2032
3168 2360
5618 3855
3436 2825
3721 2309
2135 1627
937 745
1884 1321
2391 2284
1619 971
5229 4673
1127 925
1832 998
1496 926
4749 4124
1917 1155
2537 1436
1603 1222
2266 1640
3459 2013
4713 2502
1407 1163
2054 1665
3377 3172
3549 3768
5864 5677
1933 1628
2926 2460
2440 1773
5112 4312
2582 1846
5051 5113
3368 2894
3356 1828
1858 1492
5796 5006
1580 1153
1756 1355
3482 1751
961 1057
1967 1277
2495 2875
651 518
1524 1437
1425 946
2377 1711
3248 1649
3029 1904
1868 1392
4674 4393
1281 958
898 652
6305 4911
3614 3840
917 640
1739 1447
4552 2469
7737 5629
1046 819
2268 1675
5147 2554
774 681
1133 806
1971 1250
1522 937
3010 1890
2365 1540
1691 1678
1531 1269
1080 791
4185 4034
6427 4295
8361 5129
839 670
1666 1072
3090 2741
2548 2097
2818 1648
1553 894
3254 2098
2929 1807
2340 1639
1904 1775
3468 1994
6233 5214
2733 1457
5770 4490
1069 851
1554 1416
4509 3436
4618 2816
1086 1053
1582 1020
1948 1954
4136 3559
3855 1811
10028 5941
1167 991
1150 827
2608 1883
8684 3619
3574 1912
1187 847
2267 1595
877 820
1686 1585
7132 5093
5506 4752
2091 1629
1613 1477
3619 2553
2579 1786
1659 1285
4298 4087
2427 2184
2861 2566
1998 1620
1369 1219
2116 1551
1563 1150
2330 1613
5463 4354
2651 1873
1438 1343
948 606
6136 3014
3648 1396
1876 1245
5819 3703
1655 976
4305 3586
4469 2788
1209 1022
2932 1937
5504 2912
4243 1998
3962 2703
5805 3423
8196 5082
2821 2077
1988 1234
1665 1225
12285 7950
4020 2405
6336 4692
7498 5177
4632 3226
2393 2562
1664 1283
3797 3107
1829 1526
2194 1465
5124 3906
3926 2139
3845 2137
7271 6182
1269 1898
1103 964
3171 2245
2556 1920
2396 1860
4792 3257
1703 2069
4338 2860
4225 2191
6762 4169
5026 3307
2436 1295
5425 3577
1711 1084
2085 1466
1848 1929
1541 1117
2344 1655
4199 2771
3730 3975
5492 4477
7270 4564
4029 3205
2742 1951
5276 3199
3885 2539
4415 2977
4435 4383
5239 3933
2027 1597
3285 1895
3077 2232
2036 1521
3519 2200
2034 2081
6401 3792
8449 6290
8237 5083
5738 4727
5267 3669
1806 1357
3605 2869
2416 2165
1673 1280
13306 8451
2415 1918
3893 2914
4123 4552
4151 2465
1225 1346
4268 3342
966 927
2577 1823
3030 2778
2956 2091
5103 3664
2549 2546
935 793
2185 1455
3781 2836
1592 1147
3221 2319
3752 2600
4251 2803
1388 936
5518 2844
4960 4044
6492 2499
2096 1564
3749 2211
5720 3404
4455 2939
1647 1182
1689 1393
11213 6150
2120 1348
4788 3607
2402 1350
1797 1209
2713 2363
1276 1142
2045 1600
5038 3976
2079 1341
3687 1715
3699 1924
3514 2129
2798 3531
9228 5026
5464 4661
13810 9074
5179 2478
3563 3259
3330 2070
2898 2143
5046 3874
5937 4149
6378 4880
4006 2424
14725 5262
5988 3673
3286 2444
1489 1481
3990 2647
5483 3361
2040 1548
971 978
1448 1294
6879 3929
1816 1264
3080 2312
5888 2859
2276 1834
3722 3278
2102 1800
3618 1932
5488 4358
5619 2388
5532 3048
3125 2369
5598 4538
14289 6630
6345 5059
4108 2199
4760 3306
5621 3126
3764 3059
5385 4023
3800 3022
11465 6760
5543 3112
1398 1145
9572 5211
2685 2901
6439 4322
5335 4205
6143 4056
1292 1574
1750 1709
14721 17548
5061 4052
2809 2365
5204 3384
2994 4558
1835 2225
4198 3266
4755 3317
1542 1202
8738 5794
5837 3908
4294 3250
2197 1386
6265 4212
4148 3183
4621 3522
5457 4807
4964 5238
14705 9882
1614 1129
4019 3143
6505 4690
2213 1789
6899 4941
5331 4254
5853 4029
1747 1263
7503 3811
5408 3195
5174 4372
4772 4070
4765 3232
6850 5571
2073 1549
5723 4028
5397 4033
3904 2304
2563 1642
5207 3743
5067 4099
7745 2850
2008 2016
4381 3054
1790 1373
4584 3287
5037 4503
4591 2719
4385 2793
5868 3235
2991 2178
3932 2974
2588 3092
5255 3950
3438 2327
2824 1641
10784 10219
2156 1445
5750 4130
7512 4999
3079 2235
4048 2616
3588 3527
5996 3783
1976 1934
6176 4292
7957 2908
5444 3213
5083 2916
4296 3453
2003 2055
5354 2113
4784 2648
3477 1611
3096 2325
7483 4377
5384 3571
5787 3186
4842 3076
3604 2597
1358 1559
2647 1497
4301 2142
6849 4823
5259 4263
5673 3805
3933 2879
1712 1380
3593 3330
6165 4508
6493 6830
11490 9175
4255 2490
11419 4968
6123 3817
5173 4563
4524 2399
13114 12942
4326 2524
3198 3025
5309 3282
4495 3086
4579 2892
2291 1887
4917 3895
5145 3418
4203 2053
4813 3033
5775 4427
3761 2347
5841 3060
2447 2928
3348 4341
7268 4709
3195 3006
3359 2473
7974 4320
3505 3079
4099 3116
8157 4176
5734 3986
6007 3443
5607 4137
2941 1806
4318 3537
4544 3377
1923 1031
5069 3782
3444 4092
6497 5184
6680 4784
3051 2202
6755 4069
7701 4657
5524 3756
2270 1398
4183 2436
5896 4110
3808 2501
4864 4636
3311 1515
6025 2707
4266 4131
1785 1301
4161 3242
2098 1505
13750 5386
2207 2179
5185 4500
3906 2738
3121 1693
3487 2828
2241 1947
11289 12510
4623 4830
6640 2866
6551 5336
4794 4921
7430 4278
6568 4368
3232 2127
5438 5150
2775 2728
4062 2887
6343 2942
9242 4440
3316 1730
2401 2116
6367 4102
4502 3765
4530 2686
5094 4004
5359 3382
7444 5981
4780 2638
4344 2268
5424 3477
6188 2594
4364 3862
5658 5290
6507 3100
5898 5096
8841 5870
9144 4277
6154 4743
6212 3552
2294 1700
9329 5266
7387 4047
6845 3575
5791 4252
4246 4232
6594 4934
10176 5304
12368 6227
2900 2610
4973 2770
5717 3115
2615 2063
5605 3712
4273 2822
4311 3174
6318 3334
3394 3176
4475 2633
3492 2266
5793 4994
5165 3752
1334 1100
3450 2354
4217 3474
4651 3061
6278 4685
4819 3201
5710 4112
4196 3736
4457 3193
5330 4024
7631 5973
13848 6081
5565 4143
3317 2299
7663 4796
4951 4219
5333 4088
1589 1189
5024 3310
5894 5077
6432 3789
7192 5648
7403 4543
14400 8403
2836 4117
8820 7431
6292 3155
9695 5680
6076 3632
8726 4489
12777 4580
10499 6357
6137 4297
5546 4430
342196849 738448197
1
sift 190
296 323
0 0
1 6
9808 13945
3026 838
294 326
335 375
4117 4718
3413 4284
3415 1439
1695 1914
862 822
5606 3284
2892 4367
3623 3603
525 562
2631 2320
162 73
5835 10055
2962 4274
566 638
859 614
126 136
5670 5030
6104 3780
355 501
814 946
11265 16130
5284 9379
884 134
527 699
6450 12848
3279 2127
3347 3809
1393 1164
409 496
7143 5019
3320 4724
6061 9098
506 409
441 506
4952 9031
9551 14792
3382 5613
6990 2017
572 534
4174 4737
339 116
6799 10838
1685 1125
457 517
4632 8548
13680 16223
7310 4611
4141 1794
617 697
373 357
1814 1150
3403 2923
6720 4081
673 835
466 1029
4411 12129
7894 11920
334 406
741 757
5181 12084
5856 4851
634 532
483 547
11375 13976
8317 15602
434 217
424 535
2063 1489
8128 4841
18240 14146
454 560
3925 9354
5017 2445
1831 1371
729 818
4848 4855
14672 13020
6603 992
1889 1847
4014 3977
660 573
3162 1302
2053 2538
1488 1068
699 867
801 1019
2657 2410
1017 297
585 419
6875 12352
14120 12827
535 567
11032 15472
522 979
773 878
2721 3794
9842 12832
3185 3786
2225 2650
5022 2980
1196 1832
1781 1937
1874 1944
1072 1301
2361 1355
2367 3326
4715 6088
1410 313
2863 700
1544 1382
2533 3008
1265 809
1560 1571
3469 2665
1247 434
642 778
1416 2359
8100 3035
968 920
6064 1237
867 2047
1682 2604
3302 3648
2021 973
1203 1098
1368 1887
1198 919
794 1187
1156 1400
883 815
1338 2081
9099 15814
625 401
3069 3697
3191 766
10036 3318
1437 2316
2535 2873
1272 1399
2841 3481
1846 1597
3030 777
3764 3722
9838 3033
1691 1603
1578 2504
5225 8202
2307 2177
1664 1751
2573 1046
933 1419
3455 4500
15133 12024
5415 9393
4854 5192
3024 3711
1662 1875
3376 7539
8541 10494
12757 6150
2065 2345
5267 3475
2531 1667
2247 2782
11105 9232
7381 8552
1824 1598
9107 3951
2869 3436
2554 3405
11243 15055
4500 3191
2963 3412
3445 3507
3276 1976
2410 3128
5438 4483
11063 8137
3860 2447
5572 4175
3741 8846
4637 3580
3240 2253
342196849 874908085
1
sift 232
31 39
5665 7309
34 33
197 254
68 54
66 66
3780 3416
44 61
218 334
873 1326
1319 1739
1604 1862
187 232
3375 3683
889 1418
608 650
1426 1657
93 122
390 538
3207 3892
1986 2163
1888 2025
1099 1389
1308 1054
1584 1791
335 323
4426 6246
253 449
1797 3595
2873 4652
6514 5063
4137 5233
1394 1168
650 1084
5592 6482
1725 1848
11669 13012
334 605
694 1129
2787 2053
862 994
3666 3463
509 1177
3381 4605
1251 1015
573 315
1428 1213
832 821
490 664
6219 7548
2426 2094
1532 1695
7627 9481
634 959
100 104
472 1193
204 266
277 335
707 359
5410 6199
10192 4195
5427 4927
3659 2205
242 508
3271 10810
5768 8345
174 268
4917 4507
1764 2198
171 257
12526 8257
6420 9050
13515 10563
521 749
4292 5739
8858 6905
5136 8021
4789 4785
1284 1287
1190 1204
1655 2162
3914 6484
2088 1233
699 1055
5510 7895
2166 3639
5966 6829
3311 6317
772 1510
1898 1255
4215 2996
11346 9034
6333 7252
775 1116
13186 8801
1754 3422
496 890
3022 3594
660 1112
1002 2653
5807 9134
166 328
8541 8427
2721 3148
16455 8146
1079 1058
216 340
8430 8930
877 1198
6329 5854
3187 3999
3320 5855
3229 2895
1819 3238
4832 6987
3048 2949
6730 3299
1810 2104
614 673
2026 4022
4171 5201
6946 4807
393 830
1416 2032
556 501
6065 11100
866 1595
10816 9408
586 705
1123 1504
443 905
5526 10801
1250 1733
298 364
1515 3037
4021 5718
4163 4285
3137 4815
6300 9704
6989 6591
2977 1147
2021 4480
2399 4720
4450 4529
1779 1603
13184 15072
1326 4459
883 1245
1114 859
5856 8720
3040 2703
5334 3804
8128 6357
2573 2792
8653 11416
11322 15104
3256 4266
2783 5134
3287 3841
3024 4397
275 411
721 1552
1209 1629
1835 3982
13149 11221
4068 3867
10100 7980
5864 9840
3446 7022
9030 9343
7415 10276
1833 3751
2891 5225
2125 4612
4251 4648
2195 5423
3314 7642
1912 2896
622 941
6274 5630
11291 13431
5022 3681
2338 4809
7416 14306
663 1386
2691 6366
14228 13162
1286 2627
1302 3534
3550 7547
5210 11690
1780 3468
6903 7627
12172 11773
3011 7182
4624 7443
7562 10101
3744 3478
3833 3740
1085 2544
1410 1858
5176 2344
4161 3807
6610 7579
3308 1939
8251 10660
4756 7113
4611 11145
2145 1405
1704 1645
13349 9932
3709 1825
4205 5280
4923 4853
2351 2882
890 950
2915 3713
2801 5691
2825 2043
6963 8374
4451 3994
4418 6593
2479 5904
3203 3173
4859 3549
3672 2329
3200 3636
857 1458
9926 7348
5011 5394
4416 5241
5276 7671
342196849 1443957691
1
sift 524
62 68
33 34
1553 1894
86 99
1027 1282
85 96
600 656
873 1150
177 185
1702 1735
81 94
114 122
803 987
188 213
1071 3566
1405 1772
503 709
1640 2264
304 384
2946 6354
138 162
5726 9341
1644 2785
155 150
1584 2145
460 344
108 98
1888 2272
104 117
3389 5784
3167 5657
1958 3106
4851 8452
662 614
1648 2428
192 194
1464 1063
2786 2539
2181 2706
9020 10742
1466 1682
992 949
1718 1773
132 149
1219 2033
321 376
311 358
9280 14507
159 174
1625 3186
474 456
351 401
3695 7195
5180 5133
1251 1855
143 159
5690 9289
2737 5028
185 179
2109 3145
3086 3325
10921 11621
4589 7990
792 721
7531 11663
333 432
2023 2132
1513 2347
2029 2038
2038 2040
303 276
5106 7028
6385 10019
384 577
3103 5009
377 383
2771 3933
2299 5523
294 354
3452 5661
296 336
896 1579
1428 2268
344 355
1532 1541
1936 1414
2303 2153
3015 4630
312 379
5200 4275
523 504
5660 8374
3078 3312
5673 8406
1236 1424
1335 1649
6426 10265
3688 12255
173 209
917 630
391 408
7538 10400
7461 10096
1372 1705
165 211
254 237
1418 1391
6862 13401
1375 1508
4836 6241
4469 4715
4334 8944
5206 8724
353 386
6784 10162
337 295
573 364
732 589
2122 2231
5097 8468
290 279
2671 3226
2882 4479
1296 1257
13190 5383
516 633
1726 1948
7212 9013
793 612
8840 10578
240 281
712 1040
4870 7810
2570 2312
2396 7171
5409 4835
859 798
4101 7433
355 377
4226 6493
458 787
2677 2579
2546 3680
489 834
7058 14476
6735 5724
5768 10222
2996 4666
418 518
2755 4278
782 1345
277 307
4246 8294
349 417
4609 6283
427 575
7874 10872
2981 2591
324 345
3975 4098
4069 4833
10533 11477
1942 1995
1270 1928
4144 3527
748 747
610 389
7217 10256
846 1120
6104 7578
411 586
4271 4989
4787 9622
566 736
9469 12148
4165 5127
4979 8156
5548 7264
837 960
4178 8093
6985 10125
2626 2198
6867 11335
3616 6989
761 454
4911 5908
7271 9214
7618 9300
2562 2939
958 527
1462 1317
5269 7484
11134 15444
527 857
5388 8490
409 516
2952 3270
4432 6773
3567 5013
2360 2808
3530 7864
3955 2292
11152 12670
7665 12828
734 1103
1058 1250
3135 4701
10314 8304
838 950
3843 2986
6800 7681
2389 3040
3903 6737
3646 3837
1148 1239
511 652
5835 4342
446 369
2375 3637
5518 7572
946 1076
5722 6964
3296 3251
2288 2210
703 1097
1354 1571
4407 6327
1174 599
8196 12062
666 1029
487 564
7020 9958
1694 974
1164 1684
453 487
5495 5735
1805 2777
586 837
1289 1567
398 436
441 628
7455 10536
543 578
457 613
2450 1833
673 885
8503 11469
1306 3148
402 466
4141 8850
4839 7098
7117 8601
4943 8246
605 849
275 240
1135 1652
3986 3590
6989 10163
769 921
2766 4217
2137 3531
8858 5273
4110 4661
360 625
326 260
2775 3711
4873 4562
964 723
2012 2020
560 594
3413 5408
3382 5443
6183 13484
3356 6418
529 608
3352 4365
9879 5064
4251 4456
464 489
9894 11135
936 1194
5512 6821
9030 13350
572 782
434 495
804 1373
1754 1298
6372 6757
1128 1389
4357 5550
5400 5642
10022 8019
2639 5575
3560 3427
663 742
3804 5930
3187 1263
3807 3210
484 758
6001 7832
767 1196
2912 6281
1161 1255
2552 2139
3800 5669
617 1027
8518 10091
11052 12217
440 445
770 1222
2313 2621
2607 3105
3012 3011
5034 4699
1106 1314
1716 2528
6122 9120
1573 1653
853 1346
1082 1628
10123 10853
5171 8787
5318 5787
5236 7429
6943 10191
497 729
7705 9006
3175 4768
898 988
1912 4930
558 674
4767 7023
1084 1045
7234 7646
1397 3280
3286 3765
8898 11033
10177 15511
483 684
2172 1365
1858 3595
10591 13510
2289 1691
810 1292
9618 11057
1823 2736
2166 1931
3662 5630
1000 955
6452 11566
1447 2430
6023 6873
4985 7491
616 876
5046 7835
454 635
1204 5047
5120 4867
911 900
9588 12798
982 1376
9211 7027
11088 13496
874 1102
5719 10603
708 753
755 1302
1869 5470
676 1158
6327 10075
2168 3606
8072 10398
13349 13305
2127 1601
6947 10250
1062 1757
4703 8271
3384 8362
3360 6155
6832 12667
913 1010
2006 4933
4562 2765
1187 1436
5074 11437
3532 3532
3214 5154
1247 2622
1008 1071
6087 7066
439 562
1079 1137
4793 6783
962 1469
5272 9857
5459 6949
5969 10518
9062 6795
627 597
2231 2317
855 1290
12497 11836
1023 1000
3285 2854
2598 2646
976 827
2726 3979
1374 1614
2013 1621
585 543
4894 7314
801 1326
3062 2940
701 976
7248 6581
729 1017
891 1767
872 1277
1901 2546
740 1032
4481 5882
3185 4087
4336 5168
3497 4393
8384 8126
1060 1052
3030 3139
1991 2052
3439 6191
4192 4396
4726 9984
805 1609
7647 15250
970 1148
535 720
1778 2057
1643 2393
1498 2350
966 1023
1918 3299
1196 1704
6917 7089
2752 1638
4949 7305
773 1145
2408 3152
1383 1776
1567 3374
1551 1817
674 927
1338 1146
1939 2016
1475 2106
4855 4680
1420 1774
834 1959
1884 1475
9684 11561
4107 5377
794 850
2491 3298
642 1187
1913 3890
1409 1675
1682 2625
2762 3529
1242 1836
3675 6665
1629 2399
1437 2010
993 1339
1544 3502
1578 2005
1130 2182
1444 1768
2183 2239
1657 2950
3318 6517
2307 3200
3069 5439
2522 3647
1664 2104
2368 1976
7012 11546
1511 1511
2504 2362
2578 3873
3411 7070
2705 6045
4050 8187
3217 4849
1048 2369
2247 2554
1315 2014
2298 5085
3949 7258
3119 3316
3773 6286
2333 3883
3257 7427
1662 2648
2220 4940
933 2838
3420 3454
4066 4398
1697 2793
3647 7183
1847 2788
2131 3230
2082 4165
3919 6923
1557 2825
1860 2608
4736 4316
2020 2289
4289 8034
3013 5566
1680 3907
7844 7620
2214 5093
3741 8229
7513 7034
3951 8387
2739 5499
362832386 647587664
1
sift 143
583 840
2473 2894
406 1446
198 226
2184 2428
203 504
738 1348
282 493
253 404
2167 3801
166 329
1319 1794
987 846
476 785
1389 2650
326 570
2973 4323
775 1098
1292 3599
380 523
2113 4035
2809 4655
1286 1324
420 564
795 481
378 659
1944 4373
1146 2612
1085 1498
3148 3967
1945 4709
1734 2783
396 651
1580 2480
751 1058
754 1087
6442 5918
1211 2295
247 355
3527 3507
2927 5662
1668 1685
564 382
815 2169
365 712
494 713
325 427
1173 2231
1775 3640
1455 1987
2219 2103
608 979
306 505
691 1401
1813 1953
1054 1289
444 1067
1537 1531
892 1127
4808 5449
618 1341
3166 3385
613 946
2012 3048
1702 1339
1008 1344
2295 3870
4960 4914
1201 1467
2926 3929
4846 5672
2969 2358
851 1567
906 1275
1162 2060
1244 1866
941 944
5346 4707
1570 1835
2176 2704
914 1335
1137 1605
880 1144
2871 3225
1098 1502
2463 3460
956 967
1989 1963
1100 1180
3161 2384
947 964
1894 2521
2039 3021
771 875
785 1071
1336 1426
780 890
3502 4245
1136 1629
3346 4617
2308 2961
1811 3959
2494 3983
2725 4371
1704 2509
1748 2557
13498 8784
3565 5566
1197 1523
1612 2869
929 1315
5154 4255
1320 1689
1408 1317
1157 888
1590 1847
4705 5588
2315 3372
893 1099
6028 6404
4502 4868
1259 1199
2700 3745
1125 1305
7038 5746
1185 1298
1215 1351
1278 1331
1896 1178
1529 1760
3562 3339
1487 1680
5238 5322
2256 2183
7382 6646
1906 1651
2576 3738
1314 1639
1448 2904
1518 1783
5822 5579
1840 1907
2421 3076
362832386 738448197
1
sift 88
890 671
454 323
181 88
424 202
396 256
1108 493
4977 16984
247 164
1925 1326
306 172
5467 2279
661 330
825 408
924 614
325 346
5218 2495
926 502
1046 462
3532 872
1082 506
1174 534
851 319
2000 1384
3175 1289
553 442
2659 1421
1201 598
4428 1247
1010 431
959 373
1141 1038
914 522
818 419
1186 547
1250 549
880 519
850 405
1461 682
1364 559
5531 3688
969 616
1981 1019
1782 790
709 417
1940 878
1784 1301
1190 576
1300 879
2210 1313
2917 2112
929 605
3145 2859
3956 2366
780 460
528 352
2425 1571
4039 2453
1197 1110
2247 1972
1374 721
1215 1018
1590 1877
1271 1088
3562 1493
5356 3382
3264 1531
2541 1267
2117 1312
2455 778
3494 2465
1488 1480
6187 3662
3032 1890
7180 8701
4006 2205
1314 1587
1124 1026
974 1815
5289 2316
4458 3190
2421 2155
1259 2705
5972 4379
3108 1844
2169 1994
1841 1657
3399 3160
4381 2771
362832386 1443957691
1
sift 66
2279 1014
987 430
2367 1516
469 314
1194 1819
4296 4222
439 325
2423 1413
454 336
3663 9109
5114 6115
740 288
3347 944
748 312
1419 1391
3870 2876
1620 4534
3005 1645
1869 934
2594 7834
5059 1746
661 363
3900 2823
1082 628
5710 7062
6462 3592
1083 613
5509 9087
1663 885
6430 12197
3449 2143
1129 450
1702 576
2659 2130
6032 10937
4332 3054
4822 6027
6026 4122
818 543
3768 8830
5575 2532
5775 2423
6552 9722
2134 1102
1186 684
5804 3854
1365 635
1653 729
3520 1956
1828 1027
1461 951
1704 1850
1648 1033
1981 1326
1250 981
1940 1145
2917 2106
1749 1337
2797 2012
5289 2010
6185 6666
2203 1339
5464 3200
4458 5311
5972 5896
4381 2793
395353756 526676255
1
sift 153
41 79
18427 19879
1912 3154
1981 1553
3340 2994
128 44
10431 5060
8503 8354
221 262
620 1001
19730 19727
359 379
126 197
2913 2339
12778 5698
114 157
8607 4692
132 211
2616 2310
2587 1945
135 201
421 477
11985 8391
5549 4421
610 600
731 2130
540 543
201 238
611 573
3886 4229
324 339
2221 1845
7571 2937
197 335
391 438
714 340
995 1439
3025 6267
6637 12978
223 374
9055 4436
508 459
1587 1012
452 486
9493 7312
3039 4736
457 448
2253 1583
7142 6687
1424 2189
3676 4038
1052 2004
1109 858
10080 8119
555 668
1104 1253
849 844
1213 2347
742 632
1199 4373
1922 519
622 854
1688 1501
12089 4292
817 721
1133 1093
1117 875
5403 3474
1959 1773
2842 2719
1675 1319
6483 3323
565 633
5853 4875
703 629
2081 1741
9864 3807
1319 897
774 649
8637 4958
1149 1193
790 713
753 800
2192 1540
837 546
1348 1029
1300 1221
1240 2268
6590 2263
939 712
1757 1217
844 872
7721 4866
1878 1178
1193 1017
1506 815
2465 1923
1800 1258
1343 1050
1135 973
2686 2164
1297 1458
2436 1815
2148 1462
2584 1765
937 814
2994 2235
1168 1157
2337 1131
2450 1643
1502 1247
2235 1369
1535 1099
3971 2325
1649 1208
3106 2371
898 766
7697 5316
4358 2115
2375 1285
1371 1206
1679 1148
7399 4270
1971 2167
2269 1723
3479 2537
8283 6168
3248 1632
6798 4851
3212 1654
1784 1429
9713 8170
2180 1928
3493 1762
8644 4162
5825 2982
2477 1545
3045 2059
2104 1372
4725 2567
3225 2642
3899 2126
5335 3596
2669 1678
3031 1394
3338 2356
2998 1747
9636 6213
3589 2903
5988 4143
7884 4805
5740 3092
8689 3899
395353756 647587664
1
sift 74
278 413
7968 8214
359 492
2356 16540
421 731
540 759
610 969
324 561
597 781
1845 1823
709 910
1587 1666
1605 1895
585 776
1109 1213
677 897
2509 2811
1117 1536
742 1385
774 940
1348 1349
1431 1432
2298 2011
790 1250
1192 1216
1126 1826
1878 2395
936 1280
7720 5553
2994 2745
1757 1706
1297 1748
4315 3188
2375 1837
2234 1944
1786 1580
1800 2220
2465 3496
1649 1709
1119 1419
2584 2920
1506 1831
1564 1811
1679 1631
6565 4744
1410 1697
7399 4774
2073 1989
2547 2545
4751 4581
3248 2438
2875 2559
899 1429
1972 2714
3321 2244
2399 3025
3819 3328
2183 2246
8278 4079
2180 2760
2534 3355
2477 2182
3877 3891
4763 3245
7161 4782
3045 3115
3338 2986
2783 3027
8169 5727
4062 3109
5192 5072
3920 2728
6332 3238
8690 5262
395353756 874908085
1
sift 82
5101 6926
999 1207
156 132
9332 13997
142 164
1389 1056
2207 2169
516 531
110 124
1863 1930
161 224
408 273
2932 1550
220 196
384 393
5429 3893
628 987
569 759
249 329
1216 1368
317 354
309 828
836 1082
7969 4884
446 461
764 731
6524 2786
10335 8904
4015 3573
1239 1313
482 453
2209 2580
675 671
440 942
848 1050
2716 1585
1552 672
4499 5037
2101 1476
1222 1912
1184 967
1142 781
461 901
464 534
4024 3147
7762 6106
7849 5933
1991 2418
5057 3766
8209 6204
4086 5698
6229 4456
3108 2619
1026 1171
572 639
6633 4527
3064 1750
12411 6999
8124 8189
7049 6828
6835 3175
8369 7929
4798 3584
4665 5959
4878 5294
7365 7504
694 767
5664 4015
5456 6297
11773 9700
6474 5069
5866 3323
8117 5941
952 1038
1276 992
2128 4206
6856 5067
2858 2897
3298 6812
6812 4743
9566 6744
9522 6558
395353756 1421978266
1
sift 457
107 80
73 108
7 5
652 523
1534 2062
37 52
49 58
42 50
2353 1536
21 33
126 171
60 57
32 41
2931 4184
142 169
135 183
66 68
156 186
7639 9349
516 526
266 341
52 67
94 118
3025 2583
56 81
204 277
541 588
1459 1708
2301 1442
69 71
242 291
2016 2183
342 373
7225 3738
110 124
11698 12244
1781 1681
75 99
464 606
175 220
180 249
405 339
715 590
7548 5355
181 286
232 338
535 438
220 248
8013 8502
161 257
508 540
3393 2996
384 380
9843 9836
747 679
433 807
1129 1079
408 407
14211 10856
386 427
3039 4420
850 880
628 839
12572 11906
249 314
894 1124
2136 1871
7969 4962
6487 4640
895 1127
334 469
1096 1026
517 582
9203 14781
317 360
1261 1250
1186 873
313 359
7887 5450
1229 1162
355 510
447 361
764 741
7605 8367
601 672
726 664
3615 2482
1676 1316
12120 14836
445 479
689 791
765 810
6524 2120
281 236
1052 1262
9386 5935
4015 2655
546 527
3732 9947
1548 1433
695 895
469 484
1098 1356
130 162
6788 7455
985 996
663 813
2352 1631
325 296
847 893
1213 1220
1083 1175
1452 1537
3914 2784
9671 8593
362 376
1239 1247
710 473
488 528
439 609
3817 2552
482 453
2701 2336
7687 6385
3410 2889
12778 7780
944 1157
1092 885
786 652
2208 2412
1203 1214
7978 7071
391 372
366 504
4035 4574
1457 1361
157 198
3289 2883
3051 2401
171 205
1578 1910
831 619
1930 2226
2102 1735
576 581
5715 4347
1565 1573
240 269
978 857
2542 1301
1858 2397
1043 796
4567 3276
1973 1786
3999 2905
766 766
2100 1771
8339 5509
1134 1216
343 387
1222 1113
685 512
8506 4460
4200 4943
2781 1882
756 847
6296 4509
994 1282
2266 2318
330 347
8219 7170
6095 4262
4598 3144
1879 1676
5451 3347
3742 3644
481 451
5133 3742
3687 3421
5086 2418
461 579
2214 1166
11885 9908
2072 1634
1184 992
9376 10249
5375 4808
6048 4939
9578 4531
8818 3968
10287 5037
3655 3714
2085 2365
5299 4447
2034 1702
3599 1110
705 835
2711 1957
1552 1384
1142 854
2422 2732
11732 10541
3453 3726
1152 1180
2142 1031
1373 1299
993 1101
375 395
5148 4407
1980 1168
4061 2976
1567 2794
5372 2665
864 817
7936 8496
7904 6916
10156 10271
2882 1521
4043 3091
4086 3483
1558 1571
2348 1332
5392 3670
1991 1553
1615 2681
2549 2327
1720 963
3074 2145
1010 1300
4074 2517
4174 2560
555 561
1910 1530
986 1193
6830 2781
1138 1025
4009 3110
5203 5092
849 628
4398 3226
2921 2286
5250 4687
4116 3109
784 667
2077 1934
4577 4138
5057 3919
5919 4926
5569 7415
2285 2248
2995 1996
3402 2350
1120 1185
4140 2582
4610 4418
6429 3394
5763 2839
7321 6413
4024 2885
7455 3994
5611 4409
8727 6169
1469 1607
8606 7205
4941 5022
6229 3806
3770 2319
2153 1851
2271 1890
4389 5044
3747 3949
7396 3973
7659 6618
8060 4468
2920 1888
3320 3165
8369 5905
4083 3042
2758 2344
4665 3025
2612 2592
8021 5848
3170 2652
5586 3336
1110 1047
3704 2479
1136 1060
4621 3403
4283 4581
1959 1820
1673 1322
11294 8341
2840 1245
690 713
1600 1048
6902 5449
7264 3606
8209 8581
8815 4258
5877 2669
3421 2993
9875 6939
8995 4408
1271 988
7773 5824
3246 2701
6248 4473
5545 4680
4585 2759
6826 5447
9322 8352
7984 5198
5664 3219
3621 3570
8106 6991
4218 2925
7735 8925
9753 5007
2533 1855
2851 2933
7600 4746
8782 6561
5339 5404
3104 2981
12923 9302
6716 4551
5665 4102
8982 9721
12411 8068
9546 4307
9406 7039
1440 1931
4352 5222
6835 3396
1695 1439
2780 2903
5529 3340
8776 7537
5609 3778
4798 2943
3263 2564
7991 6328
8067 9562
3633 3155
8945 5953
8153 3106
2417 2225
2913 1769
7888 5225
1823 1720
1662 1516
3518 5050
2334 2869
4255 1909
753 646
1300 868
3376 2171
5795 4532
4313 3298
5550 1818
2862 1821
10781 7792
1760 1551
2527 2433
7624 6236
2007 1754
7827 6684
8134 2241
5627 2989
10176 7648
8472 5090
7146 3521
1437 1027
1746 1152
5693 2937
3956 2855
6558 4590
6730 2531
3472 2051
6474 4877
4177 2941
6053 4415
11318 8272
2598 1684
2907 3346
7959 3569
6236 6447
7336 3501
7265 8046
4615 3142
11465 8156
1161 779
7958 5928
1112 809
1168 948
8203 7689
6584 4783
3939 3542
2686 1830
2975 1466
5330 4555
3106 1929
4634 4430
8717 7920
13366 8751
1502 1167
7442 9052
2987 2398
9086 3074
12190 9797
12783 10005
8249 4637
1372 990
3530 1899
1666 1222
2978 1558
7697 5522
8601 4824
9568 9179
6019 1731
10162 11710
12247 9016
8996 7857
8540 6440
10567 7924
1784 1091
6390 3539
2127 4120
3212 1369
1385 2645
3083 2106
7430 4006
6207 3680
8114 5555
9567 6696
3479 2700
2380 2175
3225 1902
5292 3005
7172 4204
7633 5210
3493 1205
2744 1342
2015 1698
6812 5435
2985 1381
7539 3952
3862 2642
5716 5323
6755 7189
3944 4109
6982 4019
7220 4275
5255 4159
2751 1757
8750 5825
5603 4301
526676255 759368925
1
sift 69
30 46
621 552
77 137
150 151
63 106
2545 2314
396 664
121 131
1553 2533
1793 1810
421 633
5060 6580
270 403
451 763
1096 1674
1000 1806
1760 5571
340 394
197 273
475 700
2528 5924
278 506
545 840
1845 4148
556 1033
350 483
4699 4335
382 722
481 584
15085 18164
1511 1961
268 437
6292 13478
599 977
616 1665
2880 4830
459 990
3251 4191
4736 5003
2619 6308
946 1678
6086 6454
2381 5473
3821 6948
6038 6139
2023 2455
3885 7694
1813 2484
9075 11455
2494 4726
2898 8455
1557 3427
2065 3040
5302 4934
4582 6179
995 1589
5768 10543
4055 11329
5534 5687
6381 9088
2869 6015
6816 13343
6368 6055
5002 4644
4567 10317
5426 4149
3434 5270
3371 4044
3079 4034
526676255 2147306674
1
sift 67
2432 16716
379 463
11418 3069
600 766
573 567
338 369
858 994
1312 1383
632 779
875 1462
721 749
649 572
853 947
712 672
713 841
752 782
800 813
1050 809
1221 1414
762 473
815 872
1369 1290
1458 1364
872 1157
840 899
814 912
973 1087
1099 1316
1157 1353
1765 2359
1462 1896
1189 1523
942 1563
1008 1568
2235 3486
1643 2776
1247 1695
2325 3583
1925 1939
766 1067
1723 2147
1206 1428
2832 3204
1761 2342
2166 3064
3827 3192
2878 2884
6944 9651
2126 1897
1372 1599
2159 2464
3643 3867
4215 6075
1545 1923
4851 6154
1430 1878
3348 2929
1746 1816
1751 2216
2479 3603
1678 2110
2211 3292
5569 3816
1719 1853
2185 2839
1907 3129
1796 3670
647587664 1390762317
1
sift 69
255 96
820 414
828 519
411 194
3801 3339
1088 575
1132 604
778 379
328 135
1849 1028
523 255
4000 5929
8786 11107
517 195
1833 1126
4635 3224
984 416
8696 8478
1397 545
3161 1268
777 290
1797 1121
2748 2010
2103 1341
3194 2171
979 365
1434 543
2607 1040
877 340
3507 4052
1379 714
1971 1047
7892 5888
1127 556
3145 3014
1370 607
1591 1193
4623 2662
2169 1377
4797 5290
2231 948
3821 1984
10969 10991
1096 502
6050 8367
2133 1030
3291 2311
1721 728
1695 1053
3662 3215
5983 5926
1669 833
4369 8223
2704 2174
3121 1601
3066 1691
4702 3331
3123 2495
3579 1852
5254 4804
4054 2606
1381 695
5950 6575
2902 2090
3378 1452
1918 6803
3422 3192
2444 2279
7912 6344
647587664 2147306674
1
sift 73
19721 16835
337 227
363 319
969 766
910 705
1924 1992
1474 1317
1213 994
1512 1168
1895 1383
1433 950
1385 779
1536 1462
898 643
940 572
1215 778
1488 947
965 701
2278 1472
1383 1040
2036 1683
1588 1161
1943 1290
1250 841
1838 1510
1748 1364
1705 1399
1280 911
2438 1936
2395 1859
2495 2109
2745 3486
2241 1896
1710 1496
1755 1253
4710 3856
1631 1198
1696 1523
2072 1361
1988 1425
3114 1939
2674 1985
2657 2608
4088 2446
1996 1705
4744 5956
4097 3035
2429 2110
3139 2337
3245 2389
3237 2662
3480 2147
3129 1983
4410 3927
3061 3605
3186 2854
3676 3197
4782 5612
2936 4478
2436 2128
4831 4390
2182 1923
3550 2884
3532 3031
2332 1885
2931 3836
3026 2216
5262 5598
4470 3680
11795 12526
4579 4228
3213 2099
2795 2059
738448197 1443957691
1
sift 80
4409 7864
3029 4365
323 336
326 354
4196 4724
3370 6987
330 363
638 736
4284 5408
10055 4342
686 1026
496 516
5431 8160
12825 10881
698 858
506 628
4050 8473
3884 8965
517 613
835 885
2957 9757
7827 11294
1421 2130
378 625
4228 8848
7315 9006
757 973
530 674
4188 18557
697 1027
853 1102
818 1017
547 684
560 635
1019 1326
549 981
3786 4087
878 1145
567 720
1810 1847
790 1477
1818 2016
1052 1963
789 1337
751 927
2081 1146
2112 2106
2404 3973
1616 1835
2407 2399
1187 850
3382 3699
2478 4429
2604 2625
1751 2104
2717 1674
3697 5439
983 1252
2316 2010
2583 2005
2159 3182
2781 2555
2205 2072
1701 2692
3190 5311
3251 3454
1875 2648
3336 7257
2356 4165
2771 2793
8879 6469
2621 5209
3542 4793
3091 5482
4871 7636
2415 5499
5059 8367
3818 6013
2997 6425
8846 8229
738448197 1928372167
1
sift 92
17070 17618
4280 4317
7 15
145 201
45 87
49 78
19353 19013
2758 1981
27 40
468 737
248 496
46 72
728 957
268 260
1913 4683
209 360
76 85
10602 11337
63 68
10416 9899
865 1409
203 279
5302 5107
101 155
3766 3925
208 308
394 783
263 519
2355 3304
1025 2797
2563 2700
267 452
1256 1887
1163 903
654 914
3041 3883
375 375
692 489
1398 2030
4851 5190
561 620
953 1689
762 376
1660 1040
2270 1929
822 787
369 607
1579 1576
532 920
406 623
2359 3435
963 735
577 1203
1715 3069
471 689
691 1144
2321 2516
630 538
701 924
2047 2554
1237 1147
505 546
2304 1907
3151 2263
1016 603
957 1333
14065 5488
2787 3937
3242 3065
1893 2218
867 1677
2785 3547
1842 2121
10137 4608
2613 3368
739 1951
2003 2501
2597 962
1730 4258
3571 3977
401 788
1283 1627
1046 1188
3108 3604
3487 4635
3741 4825
2023 3407
2181 2400
1896 3594
3138 2537
2192 3210
7549 11981
759368925 1421978266
1
sift 89
1150 1096
158 117
3858 10507
128 168
223 97
5271 8715
3523 1653
156 299
2953 5088
376 362
739 511
216 163
3819 1846
273 171
1873 1199
641 637
634 442
253 144
2941 1240
278 183
2213 1590
478 492
2732 1132
12846 9113
287 254
4410 4531
1009 1562
813 542
1503 4257
398 249
1052 970
1361 1125
1412 882
1011 638
437 338
6081 6344
3506 2416
4389 1942
4991 6560
616 633
5649 5151
2175 1689
2834 1717
497 560
977 576
14062 6995
3179 1958
871 475
545 945
1606 757
643 594
16895 7928
991 611
1390 498
1595 1098
568 1008
1449 2741
1004 702
2528 1262
2365 1495
1184 2081
1038 826
1137 916
1340 488
1793 1272
2816 3733
3138 2656
1577 1425
2830 3417
4255 1651
13489 4833
2931 1854
1434 739
18317 10826
2922 982
3868 3192
2687 4801
2547 1617
1453 1685
19998 3200
1845 1504
3084 1644
2553 1403
5687 7512
4847 3047
4961 2945
2690 1406
3457 2065
3045 2454
759368925 1928372167
1
sift 135
9 10
223 137
207 214
125 177
72 67
172 157
493 315
123 100
3894 1339
128 113
116 101
469 342
445 452
468 433
471 371
514 322
499 321
376 458
1217 671
232 208
624 550
1275 863
641 457
450 372
194 135
411 313
1003 691
478 374
555 411
346 277
331 239
1139 824
521 641
1017 1074
660 482
13598 5986
19992 10695
1009 950
879 888
518 221
652 463
2696 3061
1281 1345
5450 4445
495 479
533 359
1019 635
1052 920
17309 13006
1516 963
1053 976
491 424
1361 1203
1375 1477
1213 1568
767 577
739 617
1750 1450
4605 4409
2010 1765
5436 4236
523 417
2175 1939
2840 2852
905 781
834 677
1111 835
5157 2681
2169 3780
1661 1799
1150 1478
813 567
621 536
3549 5241
1174 668
1280 1405
2732 1313
3179 2501
1079 1022
678 529
3357 4508
4542 2186
4981 4076
795 938
695 555
3385 4801
1243 600
3299 2162
3780 2813
1004 1085
3410 5411
1605 1105
3806 2395
3581 2194
1137 887
6263 6953
685 509
1939 3594
1096 1522
3837 2317
1579 1354
4533 2620
3171 2748
1031 1740
1320 1065
1673 2440
1577 1332
3139 2595
3092 3946
1210 1090
2678 3701
1513 2060
3120 2127
13180 3845
2547 2798
2266 1945
1433 844
4471 4285
9292 7136
3257 1655
4614 6523
1453 1121
1914 1466
4931 5589
2550 1839
3304 2361
1855 1961
4961 4009
2244 2780
4457 4740
3707 1805
2154 2009
3045 3172
3104 2849
3319 1711
794848845 1390762317
1
sift 316
3283 5093
873 861
2 4
4691 4749
14 24
1592 1554
1044 1137
10625 4682
4088 4764
4320 9056
3988 5782
2076 4503
364 373
86 115
7215 10206
2967 3963
871 1091
3802 3768
1314 1936
6908 6189
1855 2880
425 412
1954 2076
2727 2387
879 1034
157 153
1129 1426
713 1063
1269 1799
2399 2098
1303 1055
2852 2620
621 978
11469 11590
400 476
1983 3546
455 376
10751 10715
2927 9967
1267 2019
615 881
1752 3461
5912 9171
1073 827
4186 6272
1485 1571
1019 1342
6775 8606
3751 4247
13047 13161
686 848
1213 1250
625 835
3778 6127
2367 1840
8403 10669
2310 4544
673 949
5020 7688
936 1519
1866 1911
139 151
6218 6952
296 253
1092 1119
2314 3287
5182 9025
490 566
3458 8303
1829 3649
2580 4454
12486 13696
309 322
9978 7927
8906 3117
1233 1756
3000 4098
155 188
1625 2295
11877 12475
326 395
1392 1991
316 347
3369 9488
6256 3254
8274 10794
5994 5520
475 374
3143 6661
1471 1822
2559 3586
3107 4565
2124 1842
5070 8062
3039 6071
1408 1371
2523 4110
461 492
6858 7093
1287 1231
1702 1980
3763 7512
381 406
7250 12764
6145 9632
1260 1551
4879 8356
402 441
5055 9318
5659 5888
3740 5546
7331 7404
2858 2445
2294 2937
7362 5238
4413 3613
250 330
462 461
2671 3405
15179 15155
1988 3302
8594 9344
222 250
6004 7274
247 279
2373 3042
4240 4785
299 333
6228 5887
9478 5148
892 1206
7815 7405
796 758
3604 5906
4421 7133
1984 2196
8625 10772
845 569
8855 10998
7093 10520
4635 7687
3911 4928
655 586
9597 10833
8256 6121
3940 5232
774 403
224 280
9971 11633
1590 1553
812 1030
3384 4463
650 721
4792 4868
275 302
481 499
784 529
2068 3563
5746 5767
3037 6411
4982 6705
1184 877
905 846
14847 14529
2010 2187
3700 5776
3471 3204
1668 1952
964 1398
2407 1642
1831 2299
543 557
1288 1440
1170 1817
395 617
2776 3177
5344 6533
323 400
1306 1436
15300 12356
646 1154
9429 12804
677 725
2015 3515
12087 8780
4984 7233
13061 14925
1756 1275
4561 7034
1979 3165
9731 11507
7088 11101
1650 1728
3423 10855
5118 5684
1101 1691
12944 15576
563 769
2870 3453
1976 2079
286 375
3594 1747
786 1156
2403 5449
1910 2048
3846 6742
2911 4540
1262 1061
11776 12874
4351 5687
7513 9457
6728 7394
3160 2202
11472 9469
2609 3489
5556 7744
2711 2223
3080 2308
3921 6538
1196 1033
3300 7692
805 961
14375 13486
8741 9258
8853 10324
1421 1479
13585 12662
1578 2185
10812 12186
1557 1285
5753 5404
1489 1783
5532 6205
1151 1289
11716 8940
836 631
3150 7708
1433 1322
3352 5273
8157 9391
2208 3664
921 943
4280 9051
3341 4881
1915 1915
2418 3013
4490 5717
9841 8400
3134 4096
1723 1494
15028 12943
3234 6018
996 1256
2644 3319
9825 11447
4817 5565
2700 3179
2263 1957
11985 10126
1645 1696
1672 1665
1058 1338
6132 6939
1007 1448
1771 2065
2110 2124
9031 6613
3073 4532
2007 1710
4858 3286
4526 4155
6389 9283
2167 1945
1355 1203
11559 11842
6564 6984
5066 3132
1292 1463
7876 5816
10176 8572
2201 2904
3255 2190
14928 14037
9480 6640
2994 6595
11168 8505
7047 6536
7753 11283
7443 10343
4345 6197
9197 8315
10199 12716
8088 7246
6773 5105
2616 5305
1758 2181
870 1144
2287 3001
11458 11738
12249 8160
4461 6384
2915 4633
8966 9179
10672 11075
7320 9330
12440 9649
9860 8585
3500 5502
8848 7257
5361 6259
3626 4761
12311 10970
1662 1771
9301 10523
5269 6313
5115 9952
874908085 1421978266
1
sift 358
10 8
129 146
147 140
2636 4371
132 186
41 38
484 463
78 65
762 872
177 252
63 83
117 165
1887 1208
187 214
164 169
145 168
99 158
148 119
831 954
399 430
100 120
244 308
277 320
534 606
531 526
127 147
326 521
146 153
8795 7722
1473 1248
412 418
161 220
144 157
9565 9965
124 124
172 195
505 466
171 170
2660 2882
273 407
6717 6266
1370 1458
3023 3891
1799 2015
196 248
163 189
393 380
198 210
9412 6374
800 679
525 435
658 622
4416 3997
358 286
234 203
987 839
476 362
1077 989
4019 7032
329 314
205 209
354 360
203 191
1286 1557
7177 7461
4884 4962
1464 1452
966 1127
880 686
427 652
230 215
461 478
8721 12292
298 473
5460 9331
931 907
533 531
463 1031
582 492
251 247
3900 3581
456 494
350 626
731 741
14341 12774
3934 7455
1084 1058
2786 2120
5914 5108
1442 1190
8430 3797
453 453
1220 1161
1313 1247
665 587
1860 2446
3626 5867
428 485
863 1151
1727 1787
11338 9256
3573 2655
959 970
2580 2413
870 1947
2601 2552
481 388
3944 3163
807 624
2427 2035
400 413
672 1384
5383 4024
1049 893
1288 1367
489 545
1565 1241
1604 1537
1592 1623
2210 2009
324 384
1130 1985
1330 1605
2048 3139
8335 8273
3340 3524
1587 1565
1001 847
8012 6530
4229 4447
5315 8003
781 854
6523 5762
1493 2286
4628 5027
2033 1777
1265 1003
4231 6314
2326 1431
8040 11190
1530 1141
629 642
1055 1140
4069 3937
3241 2363
1912 1113
1631 1593
967 992
555 571
5288 5106
3238 1959
2373 1676
2711 2804
3635 3483
7260 6784
4335 3930
1243 1351
2937 3036
876 783
3212 2620
1548 1642
2236 2913
488 629
3315 4468
3657 4367
901 579
855 778
6172 5543
1601 1602
2418 1553
4808 6431
2716 2689
11640 8867
5933 5553
2249 2053
4456 3806
5430 4171
3147 2885
7373 7111
2972 1824
1797 1806
912 1065
885 920
3139 2521
1881 1846
3766 3919
4765 5275
7929 5905
1559 1354
4772 6116
4784 2831
4440 3925
6005 6056
8946 7212
3360 3677
2766 2242
2407 4381
5237 5403
8769 8241
8342 7160
1960 1658
8703 9926
562 1281
6999 8068
4700 4980
7090 5475
7653 7526
9163 6531
770 850
2914 4230
1475 1225
839 1087
3396 2648
8876 9276
2791 2741
3175 3396
8709 6394
5173 5075
3983 3156
321 377
3861 3697
3670 3791
8390 3817
4697 3948
1773 1240
6682 10980
3669 3361
5866 7019
2872 2806
1744 1300
8314 8433
7145 8693
3879 5954
2689 2993
2017 2400
4539 4893
8207 11907
5959 3025
7420 8283
7345 5282
2932 2256
3584 2943
3596 8361
990 786
2592 2988
1073 2089
1629 1524
6396 6599
2986 1795
8511 8450
7351 9099
4684 4373
3297 3438
4015 3219
4727 3583
4789 4906
6124 7023
2966 2652
1703 2310
2128 4059
9271 12887
5254 5920
8617 7602
5698 7201
4760 4662
7570 9306
2306 2135
6597 6018
6332 7304
5790 4672
3491 3120
3825 1849
6227 6509
1258 1612
4862 5487
1699 1601
7908 6179
1570 1315
3576 2509
6314 8435
6480 9788
8125 7582
2197 2257
1283 2359
5984 7168
6463 4473
8939 9950
5069 4877
7657 6020
6200 7155
2091 3922
8595 2325
1012 693
4818 6237
5073 4894
5573 6078
3571 3282
7637 6687
7805 6175
8359 10965
2837 4049
4338 4073
9438 10858
5119 6055
1965 2505
7149 5291
9148 7696
6828 9278
3589 4359
3071 1667
7687 8352
575 765
4368 3278
2393 2288
4613 4846
4017 5320
5941 4650
3230 1971
8474 7861
6155 8605
6420 6288
7817 3549
3243 6555
7174 5446
6794 8231
10195 9353
3104 6148
8217 9703
1661 1733
4000 2366
7092 6123
6197 4556
6171 8574
1097 1532
9279 7920
4428 4280
3467 4083
6544 8320
10078 7178
4743 5435
5097 4824
5622 6171
844 1119
3924 4503
6274 5494
5827 7857
6766 7234
3738 3386
7944 7856
2561 2339
6628 11036
4882 5686
5745 6649
4445 3246
2782 2215
4332 7798
3393 3693
9121 9282
874908085 1928372167
1
sift 174
232 260
81 100
1011 767
2533 3572
1411 1339
145 113
295 279
389 496
2908 3294
192 238
7209 761
1168 903
175 242
9584 14712
213 261
8146 5654
1669 931
436 522
10578 6178
286 298
3524 2955
1396 1486
71 133
493 392
386 490
690 343
605 623
222 232
5855 4514
3690 5282
525 452
1675 1850
416 777
10161 4513
387 549
476 458
1363 1507
630 996
269 359
280 300
538 469
764 708
557 562
997 655
407 564
582 374
7889 4660
1014 1477
539 602
8226 13006
5371 6070
2277 2173
1216 3823
353 678
527 544
338 552
2543 3065
260 380
9130 9054
418 1218
7652 7883
3370 1699
285 460
5684 6291
572 1195
3648 4159
6467 4733
514 930
2228 3344
1124 1530
860 335
5315 5616
7369 9796
1303 19985
2411 3664
6972 7474
730 314
1387 2358
8430 5947
1287 1203
2768 3683
663 1377
984 1285
868 1917
2407 2681
1620 1911
8658 3035
1179 2194
5669 4696
1822 4313
5778 7101
810 1336
1358 495
4657 4904
3832 1144
2629 4142
1122 2427
1980 3193
5534 2175
2477 3784
12213 14456
2982 2943
1880 3596
2812 4318
5727 3403
1366 2657
8560 5913
1200 1689
2467 2043
2113 3333
508 536
5703 9166
1960 1649
1194 2416
1667 574
5162 5509
3879 3812
755 1122
1134 799
1055 1677
1760 1379
1500 3338
1559 4090
2050 4063
6335 5587
1747 4527
9731 6735
3363 4364
7876 3170
3665 4551
4907 5477
9025 7886
4341 5773
1249 1577
3040 1247
2516 3214
2011 2635
2114 1776
784 756
8907 4523
5029 1079
4205 3729
1158 1864
2032 3435
1773 2402
1603 1907
2196 1045
1594 2554
5497 3229
1937 3685
2924 4455
2016 4120
7605 2771
3490 3270
2183 2389
704 1360
7254 2218
3276 2788
2136 2567
3867 4148
5804 1449
5455 2326
5554 7980
4656 1081
10120 3491
2688 970
9847 2238
1991 2017
5686 1200
6251 2400
4900 4285
3482 3277
2116 1569
6582 3948
1390762317 1443957691
1
sift 235
2859 2371
836 570
86 90
8106 2774
4136 2677
9380 6712
6324 2868
930 526
9219 7830
2285 8454
2874 6530
1140 901
7869 4907
8598 10641
4149 1282
311 226
5138 3711
1426 987
4949 2768
189 155
1315 1011
2873 4895
2348 1002
3378 2657
7123 5930
7535 7248
4584 2675
237 168
4028 5066
2395 5108
4098 2272
1606 1079
2710 3011
2875 7885
5081 5028
2659 2304
4728 4345
4309 2733
633 589
6063 4558
8223 8559
1991 2033
6272 7222
518 258
11156 9095
3287 3653
363 310
7614 8394
1519 1542
1023 704
2983 4172
8363 10494
393 321
2295 3145
3405 2325
334 269
5053 5829
2415 3680
2089 2373
4690 3186
7093 7206
2284 1979
12302 5661
7929 8033
225 120
12976 9916
4110 5009
3207 1491
10679 9949
7404 6519
994 451
8062 5902
9318 9790
4058 1163
8610 8724
2753 4267
1445 1322
10944 8468
2407 703
3116 1762
7531 4480
6008 6590
8666 7525
11633 6768
324 454
576 290
7149 6801
419 270
2617 1598
11577 8195
5767 4423
2709 2810
4463 4666
403 527
3633 2397
6930 8093
7494 8491
4304 1530
529 499
5906 6032
467 346
3204 2986
4217 3830
902 595
876 1152
6533 5771
1210 828
1587 1239
14390 12339
615 372
557 487
3515 2698
1597 1431
13047 10800
3253 3321
5525 4091
5974 4972
1591 1356
2047 2027
11101 8987
1356 1223
1466 1118
4080 8257
918 716
3922 3608
875 2655
4770 7255
6100 4145
11700 9832
5777 4959
6527 7753
3680 5169
5290 4744
5492 4326
4231 3861
2509 2746
1769 1460
2819 5598
701 367
6155 7071
1573 732
2219 1545
1291 845
11155 9443
2392 1216
3767 4731
12874 15121
3686 2781
6724 6606
1297 741
1967 1640
6135 5206
7049 7687
4537 4105
1353 1090
7394 11902
1299 1344
2793 1760
1050 984
1682 1764
8367 6148
5016 5038
4311 2942
4405 3749
1335 1046
2639 1718
2406 2352
4351 8299
1486 1165
3556 1953
4661 4495
4044 3060
920 468
11807 10274
5439 3381
1579 1595
3059 3688
3149 1088
2151 1513
5401 10682
2409 1320
1919 7733
8154 9356
9744 7918
4631 6026
2536 4469
1325 1430
8595 7069
5810 6446
4279 5993
5203 3149
4906 2646
3522 2084
3365 1736
2762 2507
6575 5265
2115 1981
9497 10510
2597 1526
4236 3636
4387 7319
8546 5826
6855 7548
12299 9320
6615 7632
2282 1925
3317 2322
5639 2217
2701 1882
6718 3617
3797 6441
4148 2803
8174 6337
4144 3266
3024 3704
3307 2254
5753 5683
5382 4049
3577 2695
3974 5699
4642 2869
7925 5906
4241 3442
6344 5979
5467 5983
2279 1377
2365 1483
4117 3081
5769 3412
5658 4043
7092 8451
4348 5968
2492 1457
7052 3736
8448 6411
