# 3D point list with one line of data per point:
#   POINT3D_ID, X, Y, Z, R, G, B, ERROR, TRACK[] as (IMAGE_ID, POINT2D_IDX)
# Number of points: 368, mean track length: 0
0 -0.0287187 -0.912384 3.10456 66 144 131 0 57582903 14 483328431 17 484647371 13 1828385752 12
1 -0.10274 -0.914295 3.11254 64 144 117 0 57582903 20 483328431 22 484647371 16 1828385752 21
2 0.0389161 -0.967242 3.1793 51 124 107 0 57582903 23 484647371 21
3 0.015674 -0.928124 3.1128 237 229 240 0 57582903 36 484647371 26
4 -0.0697995 -0.937923 3.1321 210 216 214 0 57582903 38 484647371 30
5 -0.0292981 1.15254 4.60406 47 39 36 0 483328431 24 484647371 34
6 -0.14933 -0.984103 3.19812 230 232 231 0 57582903 43 484647371 35 1828385752 61
7 0.0834218 -0.982288 3.18666 99 147 131 0 483328431 84 484647371 37
8 -0.0382601 -1.10869 3.33591 122 148 139 0 57582903 45 483328431 93 484647371 38 1828385752 62
9 -0.134146 -0.940624 3.1317 231 230 238 0 57582903 41 484647371 39
10 -0.135011 -0.917569 3.12474 99 138 119 0 57582903 51 484647371 48 1828385752 65
11 -0.0565973 -0.93528 3.12946 233 244 236 0 57582903 52 484647371 51 1828385752 60
12 0.000922357 -1.04356 3.26782 246 246 246 0 57582903 44 484647371 59 1828385752 47
13 0.0920622 -0.986019 3.19034 105 146 132 0 57582903 65 483328431 120 484647371 60 1828385752 91
14 -0.163518 -0.935034 3.14451 122 149 140 0 483328431 106 484647371 66
15 -0.0664864 -1.09943 3.32268 243 249 247 0 57582903 72 484647371 73 1828385752 163
16 -0.0835635 -0.930417 3.12134 216 230 231 0 57582903 87 484647371 78
17 -0.0113699 -0.936438 3.13257 238 253 255 0 57582903 95 484647371 80 1828385752 123
18 -0.0103328 0.956672 4.44996 77 59 37 0 483328431 60 484647371 82
19 0.112603 -0.928175 3.12039 249 243 229 0 57582903 82 484647371 86 1828385752 101
20 -0.0352764 -0.940807 3.13113 62 119 112 0 57582903 108 484647371 88
21 -0.193668 -1.03234 3.25193 231 248 232 0 57582903 103 484647371 91 1828385752 118
22 0.11087 0.903386 4.39743 90 72 50 0 483328431 49 484647371 94
23 -0.104698 -0.933306 3.13559 86 141 122 0 57582903 101 484647371 100 1828385752 120
24 -0.14829 -0.959962 3.16088 110 136 127 0 57582903 113 484647371 104 1828385752 158
25 0.00663252 -0.91104 3.10892 218 232 235 0 57582903 122 483328431 182 484647371 106 1828385752 214
26 0.0840786 -1.02668 3.23891 138 159 152 0 57582903 106 483328431 160 484647371 109 1828385752 144
27 -0.143167 -0.934172 3.12782 240 240 240 0 483328431 102 484647371 115
28 0.0497682 -0.94713 3.14425 211 237 228 0 57582903 137 484647371 123 1828385752 181
29 -0.140433 -1.00843 3.21523 120 146 137 0 57582903 127 483328431 163 484647371 124 1828385752 152
30 0.0741305 -0.957848 3.15859 210 225 220 0 57582903 151 483328431 232 484647371 129 1828385752 248
31 0.0405671 -1.107 3.33417 155 163 150 0 57582903 162 483328431 230 484647371 132
32 -0.135564 -1.08127 3.30099 231 243 239 0 57582903 120 484647371 137 1828385752 166
33 -0.0187175 -1.01005 3.21393 176 183 176 0 57582903 130 483328431 142 484647371 144 1828385752 274
34 -0.0838823 -0.977619 3.17687 249 247 248 0 57582903 115 484647371 158 1828385752 188
35 0.0761303 -0.925521 3.12172 163 172 169 0 57582903 168 483328431 259 484647371 166 1828385752 281
36 -0.119078 -1.09573 3.31996 230 249 243 0 483328431 206 484647371 169
37 -0.146966 -1.06254 3.27708 233 251 239 0 57582903 128 484647371 170 1828385752 211
38 0.0943917 -0.968554 3.17027 202 235 224 0 483328431 315 484647371 172
39 -0.136087 -1.1009 3.32762 137 142 136 0 57582903 146 484647371 176
40 -0.31687 0.984795 4.70906 129 120 105 0 483328431 110 484647371 180
41 -0.0441233 -0.989793 3.18922 255 255 255 0 57582903 173 483328431 231 484647371 182 1828385752 293
42 -0.0849092 -0.996121 3.19701 129 150 151 0 57582903 218 484647371 184
43 -0.047705 -1.03002 3.24153 111 132 127 0 57582903 179 484647371 191
44 -0.101097 -1.106 3.33057 237 242 236 0 483328431 272 484647371 200
45 -0.0645785 -0.982264 3.18318 169 169 169 0 57582903 257 483328431 354 484647371 208 1828385752 340
46 0.100119 -1.07409 3.29434 179 175 172 0 483328431 348 484647371 212
47 0.0745639 -1.03649 3.24794 216 239 231 0 483328431 350 484647371 218 1828385752 431
48 -0.155992 -1.0894 3.30779 140 142 141 0 57582903 172 484647371 219
49 0.114473 -1.05836 3.27576 162 173 169 0 57582903 358 483328431 462 484647371 227
50 -0.11533 -0.984756 3.1916 152 169 163 0 483328431 268 484647371 229
51 -0.276996 0.90244 4.54733 102 89 73 0 483328431 139 484647371 234 1828385752 268
52 -0.103046 -0.986413 3.19045 231 250 244 0 483328431 320 484647371 246
53 0.071654 -1.04706 3.25991 154 169 164 0 57582903 363 484647371 256
54 -0.0805784 -1.07623 3.29514 192 224 213 0 57582903 295 484647371 263 1828385752 413
55 -0.116621 -0.956998 3.14963 165 170 176 0 57582903 289 484647371 264
56 -0.255621 1.02933 4.66613 117 109 106 0 483328431 180 484647371 266
57 -0.00115926 -0.997509 3.20424 149 164 159 0 483328431 370 484647371 289
58 0.102511 -1.06434 3.2944 224 241 235 0 57582903 466 484647371 300
59 0.0503784 -0.867184 3.06826 238 219 204 0 57582903 278 484647371 305 1828385752 518
60 0.12879 -1.03049 3.24319 177 183 173 0 483328431 961 484647371 313
61 -0.14161 1.06619 4.58351 130 124 112 0 483328431 251 484647371 333
62 0.203268 0.86919 4.3879 79 61 39 0 483328431 244 484647371 338
63 0.178295 0.910701 4.41021 69 57 41 0 483328431 151 484647371 339 1828385752 168
64 -0.0711273 -0.969853 3.17276 223 244 237 0 483328431 520 484647371 342
65 -0.0842631 -1.00747 3.21153 217 232 227 0 57582903 479 484647371 346 1828385752 1073
66 -0.0105447 -0.980553 3.17716 158 173 176 0 57582903 753 484647371 349
67 -0.0659555 -1.08235 3.3146 171 190 184 0 57582903 651 484647371 362
68 -0.112119 -0.944288 3.14333 240 246 244 0 57582903 404 483328431 405 484647371 366 1828385752 474
69 0.0460501 -0.936003 3.12806 161 175 178 0 57582903 575 484647371 390
70 -0.0412425 -0.9643 3.16433 212 235 227 0 483328431 645 484647371 411
71 -0.0267107 -1.05334 3.27028 226 241 236 0 57582903 487 484647371 415
72 0.108971 -0.980203 3.19243 187 214 205 0 57582903 689 484647371 417
73 0.133478 -1.01664 3.22887 175 184 167 0 483328431 892 484647371 439
74 -0.169126 -0.982956 3.19125 118 137 131 0 483328431 831 484647371 444
75 -0.153397 0.957763 4.51825 150 132 110 0 483328431 436 484647371 452
76 -0.0150299 -1.02131 3.22729 240 242 241 0 483328431 863 484647371 460
77 -0.0490392 -1.08159 3.29993 228 239 235 0 483328431 1255 484647371 473
78 0.156998 0.882356 4.41144 87 68 54 0 483328431 239 484647371 481 1828385752 379
79 0.179397 -0.953574 3.15332 215 196 182 0 57582903 375 484647371 491
80 0.113528 -1.04866 3.26388 223 228 231 0 483328431 1147 484647371 494
81 0.181092 0.874911 4.39206 139 119 110 0 483328431 404 484647371 517 1828385752 378
82 -0.0470269 -1.00774 3.20329 179 176 183 0 57582903 337 484647371 535
83 0.0692557 -1.00421 3.206 176 191 186 0 483328431 837 484647371 552
84 -0.0295078 -1.0206 3.22113 155 170 165 0 57582903 554 484647371 559
85 0.155034 -1.09932 3.32473 206 193 184 0 57582903 895 484647371 564
86 0.154411 -1.09917 3.31962 220 209 191 0 483328431 624 484647371 565 1828385752 932
87 -0.125123 0.931257 4.47156 87 69 47 0 483328431 313 484647371 567
88 -0.286491 0.845152 4.50697 91 73 51 0 483328431 261 484647371 569
89 -0.0615456 0.603744 5.08999 174 168 156 0 483328431 1330 484647371 607
90 0.165173 -0.935008 3.1313 231 219 203 0 57582903 462 483328431 1179 484647371 632 1828385752 1123
91 -0.015901 -0.961659 3.15638 203 218 213 0 483328431 854 484647371 643
92 -0.0334317 -0.978333 3.17842 186 197 193 0 57582903 1032 484647371 674 1828385752 972
93 0.0885772 -1.0792 3.29235 255 253 254 0 57582903 701 484647371 685 1828385752 1072
94 -0.17056 0.870609 4.46591 157 139 117 0 483328431 605 484647371 773
95 0.175391 -1.08188 3.29612 228 216 200 0 57582903 1352 484647371 810 1828385752 1407
96 0.173983 -1.083 3.29959 228 216 200 0 483328431 826 484647371 811 1828385752 1406
97 0.305315 0.978341 4.63164 107 99 96 0 483328431 417 484647371 815
98 -0.01258 -1.06142 3.28182 238 242 241 0 57582903 1080 484647371 880
99 -0.0978546 -1.0326 3.24148 198 212 215 0 57582903 1112 484647371 895
100 -0.0894792 -1.16755 3.41667 210 198 184 0 57582903 723 484647371 949
101 -0.0507486 0.881373 4.47528 155 131 105 0 483328431 788 484647371 987
102 -0.100132 0.879639 4.48909 130 106 80 0 483328431 1009 484647371 1009
103 -0.306996 0.915458 4.60384 89 79 54 0 483328431 704 484647371 1015
104 0.199172 -1.03931 3.24897 219 206 197 0 483328431 1182 484647371 1023
105 -0.0380667 -1.14938 3.38691 209 202 183 0 57582903 586 484647371 1039
106 -0.0538601 0.905456 4.41456 133 110 76 0 483328431 922 484647371 1121
107 -0.261222 -1.07638 3.30175 230 218 202 0 57582903 625 483328431 1097 484647371 1200 1828385752 1413
108 -1.09086 1.73626 4.29063 93 84 85 0 483328431 1704 484647371 1205
109 -0.120983 -0.857044 3.0338 215 202 193 0 57582903 597 484647371 1216
110 -0.00976255 0.884173 4.4445 154 136 114 0 483328431 592 484647371 1232 1828385752 825
111 -0.22016 0.8547 4.4614 139 121 99 0 483328431 705 484647371 1235
112 -0.00249242 -0.965105 3.16322 174 189 184 0 483328431 1210 484647371 1238
113 0.175787 -1.06641 3.27934 255 244 235 0 483328431 1370 484647371 1269
114 -0.274941 -1.07047 3.29765 224 212 196 0 57582903 661 484647371 1291 1828385752 1249
115 0.184071 -0.934147 3.13312 243 226 216 0 57582903 1932 484647371 1364
116 -0.336769 0.97206 4.73072 102 97 91 0 483328431 1871 484647371 1378
117 -0.163886 1.05072 4.58565 92 86 72 0 483328431 992 484647371 1392
118 -0.038239 0.978836 4.48697 158 140 118 0 483328431 1225 484647371 1417 1828385752 1559
119 -0.108955 1.00451 4.48562 142 130 114 0 483328431 1742 484647371 1436
120 -0.0467891 -0.797243 3.00618 206 194 178 0 57582903 893 484647371 1448
121 -1.13003 1.6296 4.22252 57 49 46 0 483328431 2681 484647371 1481
122 -0.266379 -1.04294 3.27189 238 224 215 0 57582903 1031 483328431 1570 484647371 1558
123 -0.0248258 -1.15566 3.39789 255 252 240 0 57582903 1276 484647371 1605 1828385752 2144
124 -0.0237986 -0.801079 3.00615 225 208 192 0 57582903 881 484647371 1620 1828385752 1003
125 -0.295721 -1.04127 3.25243 252 233 226 0 57582903 979 484647371 1629
126 0.0855359 -1.12797 3.35964 253 243 234 0 57582903 1997 484647371 1646
127 0.145041 0.912112 4.41449 148 131 111 0 483328431 560 484647371 1753
128 -0.642125 1.1989 4.78064 90 82 79 0 483328431 1921 484647371 1785
314 0.13063 0.887229 4.40646 112 93 79 0 57582903 1669 1828385752 1794
129 0.155065 0.850292 4.39586 102 83 69 0 483328431 1326 484647371 1869
130 0.111929 0.967213 4.47014 146 134 118 0 483328431 1232 484647371 1941
260 -0.0570814 0.969568 4.50471 103 85 63 0 57582903 1054 483328431 391 1828385752 772
131 -0.153532 -1.14326 3.3918 249 230 215 0 57582903 1576 484647371 2003
132 0.109002 -0.902935 3.09603 247 234 225 0 57582903 1226 483328431 2112 484647371 2011
318 -0.0308056 0.926357 4.43963 154 137 109 0 57582903 2235 1828385752 2071
133 -0.268039 0.875103 4.51547 139 121 99 0 483328431 1689 484647371 2176
134 -0.254549 -1.08436 3.32438 243 230 221 0 57582903 1428 484647371 2222
312 0.15537 0.979366 4.45866 149 137 121 0 483328431 2044 1828385752 1709
135 -0.254382 -1.08348 3.27414 244 230 219 0 57582903 2002 484647371 2223
136 -0.272399 0.927688 4.56358 118 106 90 0 483328431 2165 484647371 2299 1828385752 3000
258 0.0633453 1.03292 4.49355 139 129 119 0 57582903 610 1828385752 760
137 -0.25708 -1.10581 3.33731 243 231 219 0 57582903 2106 484647371 2307
138 -0.291783 0.911967 4.58064 124 114 89 0 483328431 1337 484647371 2635
268 -0.00371295 -1.10129 3.32847 233 239 237 0 57582903 390 1828385752 862
139 -0.220131 0.861399 4.45686 137 119 97 0 483328431 2431 484647371 2655
140 -0.270295 0.84438 4.50738 155 137 115 0 483328431 1590 484647371 2731
262 -0.0877117 -0.800114 2.9813 213 201 185 0 483328431 972 1828385752 778
141 -0.22292 -1.11777 3.35902 230 211 197 0 57582903 2229 484647371 2938
142 -0.117765 -0.786144 3.00213 229 217 201 0 483328431 1478 484647371 2984
256 0.180494 0.952934 4.47461 93 81 65 0 57582903 1206 1828385752 748
143 0.0771043 0.873899 4.29354 107 89 67 0 483328431 2048 484647371 3116
144 -0.119673 0.89077 4.45576 150 132 110 0 483328431 1953 484647371 3781
266 0.139694 0.849629 4.40578 89 71 49 0 57582903 1115 1828385752 856
145 0.0134461 -0.862234 3.03708 239 226 217 0 57582903 5789 484647371 4642
146 -0.982524 1.31085 5.45044 90 82 79 0 483328431 11258 484647371 13508
276 0.232043 1.00091 4.52196 95 83 67 0 483328431 1196 1828385752 945
147 -0.155872 1.36151 4.75964 83 75 72 0 483328431 10187 484647371 14288
148 0.0279228 1.20043 4.7147 55 54 49 0 483328431 7308 484647371 14916
270 0.381593 -0.40023 3.74103 128 120 117 0 57582903 1084 1828385752 867
149 0.888641 1.59337 5.7323 71 71 71 0 57582903 3 1828385752 2
150 -0.200847 -0.989483 3.23616 89 147 135 0 57582903 13 1828385752 9
264 0.0310986 -1.03347 3.23179 248 248 248 0 483328431 559 1828385752 813
151 0.2706 0.93491 4.62976 123 110 101 0 57582903 18 1828385752 13
152 -0.198439 1.15219 4.69222 53 54 48 0 57582903 30 483328431 12 1828385752 15
274 0.121843 -0.970037 3.17102 183 191 193 0 57582903 442 1828385752 916
153 -0.132611 -0.958911 3.15849 203 215 211 0 483328431 45 1828385752 28
154 -0.0671031 -0.906938 3.10536 68 145 127 0 57582903 26 483328431 38 1828385752 30
284 0.0675064 -1.02238 3.23993 217 232 227 0 57582903 498 1828385752 1018
155 -0.281753 1.81433 5.63238 97 89 86 0 57582903 74 1828385752 32
156 0.0973442 1.04828 4.60448 141 129 113 0 483328431 28 1828385752 33
278 -0.0194717 0.924748 4.41417 93 76 48 0 57582903 1229 1828385752 957
157 0.0308211 -0.957312 3.14522 94 145 128 0 483328431 50 1828385752 40
158 0.0156312 -0.928049 3.12348 247 241 243 0 57582903 37 483328431 63 484647371 27 1828385752 46
272 0.181015 0.898257 4.39603 74 62 46 0 483328431 360 1828385752 896
159 0.21902 0.848092 4.44383 180 163 133 0 57582903 59 1828385752 49
160 0.111926 0.910012 4.42042 66 48 26 0 57582903 79 1828385752 52
161 -0.0832689 -0.937933 3.13904 242 248 246 0 483328431 81 1828385752 63
162 -0.171539 -1.01144 3.22068 89 154 132 0 57582903 53 483328431 90 1828385752 67
292 -0.341305 1.18299 4.85887 87 79 76 0 484647371 1865 1828385752 1169
163 -0.00443266 0.95543 4.44918 68 49 35 0 57582903 99 1828385752 74
164 -0.172806 -1.06504 3.23544 255 250 236 0 483328431 87 1828385752 83
165 0.038048 0.896563 4.48739 158 140 118 0 57582903 98 1828385752 85
166 -0.421366 0.994419 4.75694 87 79 76 0 57582903 80 1828385752 86
167 -0.129493 -1.12488 3.3544 255 250 238 0 57582903 109 1828385752 94
168 0.286202 0.993286 4.65135 155 144 138 0 57582903 124 1828385752 104
290 0.125576 -1.04486 3.26083 197 196 194 0 483328431 956 1828385752 1099
169 0.207821 0.796726 4.45817 181 166 143 0 57582903 138 1828385752 108
170 0.204337 0.803399 4.48911 181 166 143 0 483328431 118 1828385752 109
300 0.0187786 -1.06882 3.29039 250 250 250 0 57582903 1161 1828385752 1376
171 0.0704377 -1.10723 3.34529 255 248 245 0 483328431 159 1828385752 114
172 -0.201065 -1.06064 3.30126 151 148 139 0 57582903 93 1828385752 122
294 -0.222337 -1.12272 3.3507 214 202 186 0 57582903 928 1828385752 1219
173 0.026634 0.817421 4.5327 105 93 77 0 57582903 221 1828385752 146
174 0.155541 0.869769 4.42365 111 92 78 0 57582903 152 1828385752 148
288 -0.00755239 -1.0904 3.31883 188 194 192 0 483328431 1087 1828385752 1061
175 0.0718494 1.09536 4.59414 126 120 108 0 483328431 134 1828385752 153
176 0.191691 0.824772 4.44763 90 70 61 0 57582903 181 1828385752 155
298 -0.171941 -0.983004 3.1976 109 156 146 0 57582903 1051 1828385752 1322
177 -0.140235 -1.04482 3.27487 142 169 160 0 57582903 67 1828385752 177
178 -0.055094 -1.13928 3.36556 255 248 238 0 57582903 140 483328431 293 1828385752 182
308 0.0862896 0.955272 4.44926 128 116 100 0 57582903 1973 1828385752 1587
179 -0.119933 -0.987519 3.19395 157 168 164 0 57582903 131 1828385752 184
180 0.230013 1.02606 4.56991 137 125 109 0 483328431 195 1828385752 185
302 -0.301729 0.900937 4.58824 130 112 98 0 483328431 1049 1828385752 1446
181 -0.0116005 -1.13771 3.36058 254 248 236 0 57582903 201 1828385752 206
182 -0.148013 1.06946 4.59584 123 115 112 0 57582903 355 1828385752 208
296 0.0950335 -0.997427 3.20181 234 243 240 0 483328431 1543 1828385752 1251
183 -0.250697 0.96576 4.58498 87 75 59 0 57582903 419 483328431 111 1828385752 209
184 -0.149012 0.779907 4.83036 115 102 85 0 483328431 157 1828385752 218
306 0.235312 -0.969778 3.29724 225 216 211 0 483328431 1397 1828385752 1503
185 0.222615 0.922128 4.47925 163 153 128 0 57582903 322 483328431 188 1828385752 222
186 -0.179287 1.05734 4.60536 138 132 120 0 57582903 434 483328431 242 1828385752 244
316 0.00926774 0.966806 4.47804 91 72 58 0 57582903 1979 1828385752 1815
187 0.123296 0.872455 4.40237 164 145 131 0 57582903 292 1828385752 249
188 0.0968788 -0.968436 3.16319 207 233 224 0 57582903 197 1828385752 251
310 -0.104703 -1.00572 3.19881 208 227 221 0 57582903 966 483328431 794 1828385752 1602
189 0.149146 0.919047 4.4253 129 117 101 0 57582903 275 1828385752 256
190 0.249202 0.991741 4.54516 81 69 53 0 483328431 257 1828385752 263
304 -0.293228 0.929703 4.59682 100 81 66 0 483328431 1189 1828385752 1456
191 -0.164373 -0.972372 3.18464 206 238 227 0 57582903 208 1828385752 264
192 -0.069168 -1.11964 3.34848 188 190 176 0 483328431 190 1828385752 265
193 -0.0700109 -1.1209 3.35536 188 190 176 0 57582903 164 1828385752 266
194 0.143403 0.817982 4.43037 180 163 143 0 483328431 265 1828385752 299
324 -0.019517 -0.986347 3.1942 231 241 233 0 57582903 1002 1828385752 2258
195 0.146249 0.810899 4.39589 180 163 143 0 57582903 417 1828385752 300
196 -0.12936 -1.16084 3.38593 232 217 198 0 483328431 401 1828385752 303
197 -0.0383799 -1.131 3.37016 244 245 231 0 57582903 256 1828385752 309
198 0.0657764 0.742766 4.39416 141 122 108 0 57582903 405 483328431 338 1828385752 313
199 0.107798 1.08561 4.58568 136 130 118 0 57582903 369 483328431 291 1828385752 314
200 0.165074 0.830531 4.40878 168 150 128 0 57582903 457 483328431 309 484647371 521 1828385752 316
322 -0.217873 0.884126 4.45541 161 148 131 0 483328431 1497 1828385752 2123
201 0.185139 1.01316 4.52038 75 65 40 0 57582903 502 483328431 322 484647371 581 1828385752 319
202 -0.0357355 0.953432 4.45121 149 131 109 0 57582903 483 1828385752 328
332 -0.0598822 0.312362 4.39166 101 93 90 0 483328431 2581 1828385752 3044
203 -0.259082 -0.938927 3.14184 220 207 198 0 57582903 271 483328431 508 1828385752 331
204 -0.0149082 0.847659 4.48274 114 97 69 0 483328431 287 1828385752 338
326 -0.0625753 -0.803113 3.00875 218 200 188 0 57582903 5034 1828385752 2505
205 0.303317 0.97525 4.62645 111 103 100 0 57582903 395 483328431 416 1828385752 341
206 -0.0475128 -0.974846 3.17779 158 173 168 0 57582903 288 1828385752 348
320 0.182726 -1.0696 3.27828 255 246 230 0 57582903 1379 1828385752 2089
207 -0.0869895 -0.996904 3.20747 186 192 190 0 57582903 219 1828385752 351
208 0.196088 0.831996 4.42261 191 173 149 0 57582903 475 1828385752 358
330 0.188894 0.807626 4.46324 142 124 102 0 483328431 2169 1828385752 2947
209 0.0433756 -1.16332 3.38574 222 210 194 0 57582903 325 1828385752 362
210 -0.18163 -1.06457 3.29795 242 251 248 0 57582903 236 1828385752 368
340 1.84186 -3.14516 8.26809 236 223 214 0 483328431 5568 1828385752 4543
211 -0.0273275 -1.12293 3.3611 157 174 155 0 57582903 239 1828385752 374
212 0.177802 0.842475 4.39576 99 80 66 0 57582903 326 483328431 269 484647371 327 1828385752 376
334 -0.037371 -1.17589 3.40008 255 245 236 0 57582903 2147 1828385752 3580
213 0.056709 -0.922183 3.11612 245 254 251 0 483328431 359 1828385752 380
214 0.194509 -1.02774 3.23915 224 212 196 0 483328431 319 1828385752 383
328 -0.3375 -0.974348 3.18643 235 227 224 0 483328431 3220 1828385752 2663
215 0.303409 0.993643 4.64887 186 178 175 0 57582903 556 483328431 548 1828385752 385
216 0.0414426 -1.10813 3.33573 179 181 168 0 57582903 163 483328431 229 1828385752 387
338 0.260127 1.19171 4.84214 75 67 64 0 57582903 5120 1828385752 4031
217 0.110975 0.880683 4.40609 81 63 41 0 57582903 561 483328431 267 484647371 684 1828385752 392
218 0.129013 -0.859075 3.04966 252 244 241 0 483328431 330 1828385752 394
348 1.82878 -2.30965 10.5246 121 113 110 0 483328431 8893 1828385752 10814
219 0.111836 -0.779792 3.06008 233 221 207 0 57582903 429 1828385752 409
220 0.0524667 0.729511 4.35645 104 92 76 0 483328431 627 1828385752 410
342 1.82188 -3.00123 8.18626 236 223 214 0 483328431 4863 1828385752 5228
221 0.198104 0.882504 4.42756 98 80 58 0 57582903 449 1828385752 414
222 -0.0220524 0.991996 4.50223 89 71 51 0 57582903 436 483328431 225 484647371 345 1828385752 415
336 -0.100227 -0.996152 3.20309 209 218 215 0 57582903 999 1828385752 3719
223 0.0405948 -1.03015 3.23182 180 192 188 0 483328431 238 1828385752 418
224 0.270419 0.990631 4.60194 96 91 71 0 57582903 550 1828385752 427
282 0.0694665 -0.987132 3.18997 104 146 132 0 483328431 890 1828385752 994
225 -0.116236 -0.955706 3.15433 185 191 189 0 483328431 337 1828385752 429
226 -0.070199 -0.782902 2.99248 183 164 150 0 483328431 307 1828385752 435
356 0.232302 0.432972 1.68646 90 82 79 0 57582903 11886 1828385752 12920
227 0.098604 0.88055 4.38514 173 155 133 0 483328431 365 1828385752 444
228 -0.157388 -1.14936 3.37794 215 197 175 0 57582903 297 1828385752 449
286 0.0680454 -1.15226 3.37074 226 214 198 0 57582903 833 1828385752 1042
229 0.0209037 -0.982607 3.19564 204 237 226 0 57582903 407 1828385752 457
230 0.251432 1.03054 4.63064 152 140 124 0 57582903 562 1828385752 460
280 -0.107802 0.994823 4.49333 140 128 112 0 57582903 1024 1828385752 976
231 0.317733 0.96962 4.64438 112 104 101 0 483328431 732 1828385752 489
232 -0.278124 -0.974059 3.18378 218 206 190 0 57582903 331 483328431 479 1828385752 493
354 0.229282 0.871935 5.55113 139 131 128 0 57582903 8308 1828385752 12396
233 0.0739783 -0.937174 3.12932 229 248 242 0 57582903 378 1828385752 512
234 0.101259 -1.07378 3.29089 189 192 185 0 57582903 238 1828385752 525
364 -1.59109 -0.576963 7.89464 107 99 96 0 483328431 14205 1828385752 16410
235 1.79694 -2.32988 8.54808 77 69 66 0 483328431 547 1828385752 533
236 -0.31723 0.875685 4.56352 96 84 68 0 57582903 1285 1828385752 544
358 -1.92827 -0.225907 6.71956 107 99 96 0 57582903 12669 1828385752 13716
237 0.255003 1.00974 4.61146 66 60 46 0 57582903 703 1828385752 547
238 -0.438805 0.852058 4.7793 97 89 86 0 483328431 172 1828385752 549
352 1.41754 -2.21026 9.57773 106 98 95 0 483328431 10038 1828385752 11994
239 0.0150822 -0.971794 3.17444 196 228 217 0 57582903 353 1828385752 552
240 0.0160656 1.03155 4.47097 150 144 132 0 483328431 585 1828385752 562
362 -1.41862 -0.517218 6.21882 90 82 79 0 483328431 14117 1828385752 16290
241 -0.0592211 -1.13025 3.36718 248 249 235 0 57582903 447 1828385752 571
242 0.0203171 1.03468 4.5205 75 69 57 0 57582903 615 1828385752 579
243 0.141149 0.894456 4.40301 70 51 37 0 57582903 846 483328431 452 484647371 918 1828385752 583
244 0.216309 0.978097 4.53377 75 63 47 0 57582903 820 1828385752 597
366 -1.4151 -0.486246 6.25243 96 88 85 0 483328431 14375 1828385752 16654
245 0.291742 1.17865 4.79764 93 85 82 0 57582903 760 1828385752 598
246 -0.106855 0.824539 4.61681 92 74 60 0 483328431 373 1828385752 622
360 -1.70723 -0.67813 6.96287 70 62 59 0 483328431 13241 1828385752 15488
247 0.0859391 -0.820569 3.00629 233 216 206 0 57582903 652 1828385752 638
248 0.015507 0.799195 4.55816 117 105 89 0 57582903 887 1828385752 654
249 0.236916 -1.05548 3.25757 215 207 204 0 483328431 426 1828385752 660
250 0.172289 0.999581 4.48942 145 134 112 0 483328431 817 1828385752 669
251 0.118699 -0.987339 3.19077 172 186 186 0 57582903 530 1828385752 703
252 0.197502 0.864354 4.40043 177 159 137 0 57582903 816 483328431 1419 1828385752 722
253 -0.18891 1.05207 4.59638 132 126 114 0 483328431 534 1828385752 728
254 0.210267 1.01156 4.47008 132 119 102 0 483328431 1065 1828385752 744
255 0.202806 1.05891 4.61426 132 119 102 0 57582903 864 483328431 778 1828385752 745
257 0.181611 0.943051 4.43964 93 81 65 0 483328431 1297 1828385752 749
259 0.0575636 -1.0164 3.21607 182 197 192 0 57582903 601 1828385752 769
261 -0.122261 -0.855534 3.04605 235 222 213 0 483328431 823 1828385752 775
263 -0.125837 -0.857742 3.06199 235 222 213 0 57582903 596 1828385752 801
265 -0.252881 -1.09524 3.32081 227 208 193 0 57582903 608 1828385752 840
267 -1.6403 -0.590886 6.6788 73 65 62 0 483328431 744 1828385752 859
269 0.261759 0.967479 4.52009 132 127 107 0 483328431 1538 1828385752 866
271 -0.129344 1.05569 4.55713 84 76 73 0 483328431 816 1828385752 884
273 0.0710249 -0.948075 3.14711 166 189 181 0 483328431 564 1828385752 905
275 0.00269895 0.934419 4.44858 139 121 99 0 57582903 1013 483328431 1595 1828385752 944
277 -0.228766 0.786694 4.81853 153 135 113 0 483328431 651 1828385752 946
279 0.123526 0.8391 4.41367 151 133 111 0 57582903 720 1828385752 960
281 -0.0175276 -1.11604 3.34807 217 237 226 0 57582903 482 483328431 638 1828385752 979
283 -0.112056 0.972865 4.47143 104 96 83 0 57582903 1526 1828385752 1006
285 0.153328 0.821817 4.4088 119 101 77 0 57582903 898 483328431 1660 1828385752 1040
287 0.0431286 1.0213 4.50841 143 130 121 0 483328431 988 1828385752 1057
289 0.000592697 -0.972777 3.15766 222 234 230 0 57582903 667 1828385752 1066
291 0.00962432 -1.12453 3.34952 255 251 239 0 57582903 684 1828385752 1150
293 0.346288 0.968829 4.75177 114 106 103 0 57582903 1191 1828385752 1209
295 0.0233921 -0.991134 3.19433 176 195 189 0 57582903 858 1828385752 1235
297 0.174524 0.934768 4.42082 125 113 97 0 483328431 1684 1828385752 1270
299 0.151616 0.800065 4.39153 133 121 105 0 57582903 2201 1828385752 1333
301 0.0132271 -0.986589 3.19416 175 201 192 0 57582903 955 1828385752 1401
303 -0.253453 0.844395 4.45632 148 137 115 0 483328431 1950 1828385752 1449
305 -0.270594 0.857087 4.50147 93 82 60 0 57582903 1870 1828385752 1464
307 0.194676 1.03616 4.57136 83 71 49 0 57582903 2113 1828385752 1540
309 -0.291633 -0.990372 3.21513 253 241 225 0 57582903 952 1828385752 1596
311 -0.0379583 -0.782368 3.02781 225 213 197 0 57582903 2105 1828385752 1702
313 0.233688 -0.822902 3.37271 172 166 154 0 483328431 321 1828385752 1711
315 0.133791 -0.97021 3.14273 235 234 230 0 483328431 1609 1828385752 1800
317 0.213153 0.964484 4.52227 123 113 88 0 57582903 2072 1828385752 2053
319 0.200001 0.952446 4.51085 108 96 80 0 483328431 3532 1828385752 2086
321 0.1517 0.849393 4.41024 132 114 92 0 483328431 2339 1828385752 2121
323 -0.253858 -1.08127 3.29911 255 243 226 0 483328431 1698 1828385752 2181
325 0.206886 0.829511 4.46709 147 128 113 0 57582903 1852 1828385752 2390
327 0.0888026 -1.12853 3.36028 252 246 234 0 483328431 2093 1828385752 2621
329 -0.288918 0.817295 4.48374 133 121 105 0 483328431 2494 1828385752 2679
331 -0.0103461 0.934433 4.47195 112 94 72 0 57582903 4851 1828385752 3021
333 0.0600345 -1.16372 3.38675 251 239 223 0 57582903 1554 1828385752 3099
335 -0.220213 1.16967 4.78308 58 53 49 0 483328431 2544 1828385752 3625
337 -0.168429 0.972266 4.49985 119 107 91 0 483328431 3461 1828385752 3737
339 -0.0573101 -0.793564 2.99763 222 201 184 0 483328431 2803 1828385752 4419
341 -0.076269 -0.790358 2.98664 219 200 185 0 483328431 2110 1828385752 4655
343 -1.30893 -2.88418 5.90606 245 239 227 0 57582903 7305 1828385752 8342
344 -1.40791 -0.523609 6.27822 87 79 76 0 483328431 7729 1828385752 9075
345 -1.41239 -0.490771 6.26667 96 88 85 0 483328431 7715 1828385752 9172
346 -2.09593 -1.92161 5.54711 236 223 214 0 57582903 9090 1828385752 10294
347 -1.75682 -0.563567 7.84395 94 86 83 0 483328431 10521 1828385752 10352
349 1.80059 -2.28952 10.5351 117 109 106 0 483328431 9320 1828385752 11177
350 1.89496 -2.34382 10.5226 117 109 106 0 483328431 9332 1828385752 11189
351 1.68721 -1.98362 8.40751 117 109 106 0 483328431 9634 1828385752 11471
353 -0.627674 1.25748 5.03938 90 82 79 0 483328431 10082 1828385752 12031
355 0.133661 -0.905579 3.10668 250 237 228 0 483328431 2179 1828385752 12892
357 -2.09816 -1.92091 5.54737 236 223 214 0 57582903 12177 1828385752 13214
359 -1.58638 -0.376122 6.90381 107 99 96 0 483328431 9631 1828385752 15081
361 -1.43835 -0.669714 6.86018 82 74 71 0 483328431 13909 1828385752 16026
363 3.52075 -4.34288 16.693 92 84 81 0 483328431 14202 1828385752 16328
365 1.911 -2.65222 10.7558 99 91 88 0 483328431 14313 1828385752 16573
367 0.19587 -1.19905 5.05676 49 41 38 0 57582903 3584 1828385752 16787
