57582903 484647371
1
sift 90
979 1629
44 59
82 86
1031 1558
14 13
20 16
45 38
23 20
625 1200
38 30
51 48
174 185
36 27
1428 2222
43 35
596 1217
72 73
41 39
2002 2223
52 51
6515 7054
127 124
115 158
661 1291
65 60
9781 9293
106 109
108 88
6270 5157
375 490
13224 12888
103 91
87 78
2106 2307
173 182
14162 9900
1997 1646
95 80
2229 2938
1932 1364
1858 1812
274 431
101 100
137 123
120 136
1226 2011
461 632
130 144
151 129
113 105
352 460
218 183
128 170
487 415
168 166
404 366
162 131
289 264
146 175
837 1024
257 208
295 263
192 200
575 390
172 220
479 346
601 275
724 949
701 685
920 593
1352 810
586 1039
667 653
337 536
358 227
1032 674
895 565
466 300
753 349
363 255
554 559
688 417
1576 2003
1080 880
1051 444
651 361
845 546
844 921
1113 895
16270 15815
57582903 1828385752
1
sift 157
952 1596
44 47
3 2
82 101
80 86
201 206
30 15
14 12
1405 584
140 182
98 85
20 21
2361 1169
53 67
59 49
26 30
79 51
45 62
429 409
37 46
152 148
72 163
43 61
52 60
99 75
67 177
124 104
652 638
129 153
127 152
278 518
51 64
322 222
324 362
115 189
597 801
419 209
106 144
904 778
881 1003
275 256
103 118
271 331
65 91
564 375
94 122
173 293
95 123
326 377
2767 16720
131 184
101 120
6876 7654
128 212
122 214
331 494
5120 4031
256 309
461 1123
137 181
181 155
447 571
151 248
197 251
436 415
130 274
483 328
237 368
438 263
684 1150
113 158
288 348
846 583
297 448
5034 2505
169 282
9713 10932
701 1072
218 351
146 225
14094 14740
1276 2144
208 264
295 413
369 314
625 1414
457 316
1379 2089
8294 9152
608 840
404 474
378 512
561 392
833 1042
502 319
1352 1406
8529 9889
661 1249
601 769
163 388
417 300
2147 3580
549 427
164 265
434 244
238 525
15743 16384
498 1017
292 249
1554 3098
257 340
530 703
615 578
390 862
667 1066
353 552
475 358
482 979
442 916
407 457
703 547
1161 1376
1054 772
479 1073
771 590
966 1602
1229 957
955 1401
562 460
820 597
858 1235
395 341
864 745
1051 1322
1115 856
610 760
999 3719
1973 1587
556 385
1525 1006
1474 1016
2113 1540
4582 4736
1191 1209
3430 3263
888 1709
1669 1794
1978 1815
1598 1690
816 722
449 414
898 1040
2072 2053
2235 2071
1905 1218
4851 3021
1852 2390
483328431 484647371
1
sift 71
17 13
12824 15257
1570 1558
50 21
5114 7228
63 26
7511 6368
1097 1200
85 37
7530 7946
106 66
7557 6411
102 115
10819 11101
231 182
7951 11133
182 106
8831 9201
160 109
12237 9341
2112 2011
12061 9482
295 431
12229 12964
142 144
12675 13187
320 245
9631 9974
1179 632
12986 9970
624 564
13242 10318
1370 1270
10130 10394
232 129
10149 10489
268 229
10147 10604
259 166
10214 10669
229 131
10343 10628
350 218
13851 14492
520 342
15078 16036
354 208
14055 13570
272 200
315 172
411 297
863 460
462 227
369 289
645 410
348 213
1145 322
854 643
564 508
837 551
8475 6939
1147 495
840 424
892 439
961 313
1210 1238
983 582
831 444
1525 952
2406 1244
1255 474
483328431 1828385752
1
sift 144
479 494
87 83
12 15
4563 7412
17 12
53 66
3220 2663
159 114
28 33
45 28
744 859
22 21
739 473
38 30
2002 2595
330 394
172 549
63 46
174 192
50 40
111 209
319 383
139 268
81 63
187 222
90 67
195 185
293 182
2544 3625
972 778
134 153
822 775
239 379
508 331
118 109
401 303
225 415
120 91
151 168
163 152
404 378
307 435
3280 2790
182 214
291 314
2093 2621
6041 6492
142 274
257 263
241 309
454 675
425 659
242 244
321 1711
322 319
624 932
7729 9075
232 248
7833 12555
559 813
452 583
2803 4419
309 316
237 418
372 622
206 197
267 392
2110 4655
11658 10730
259 281
9008 10847
1097 1414
12015 14320
825 1407
9547 14935
359 381
9625 15073
337 429
592 825
350 431
13125 11563
189 266
265 300
405 474
13241 15488
354 340
10082 12031
229 387
10092 12083
2179 12892
13497 12205
1697 2180
13786 15925
638 979
13816 15919
564 905
10427 12307
890 994
391 772
956 1099
467 856
794 1602
10521 10352
1088 1062
778 745
1543 1251
1595 944
1609 1800
1905 1984
416 341
13909 16026
548 385
1066 744
1049 1447
1189 1456
732 490
2323 2342
1162 1025
1497 2123
817 669
1419 722
463 384
2165 3000
627 410
1196 945
1538 866
534 728
2044 1709
14117 16290
2169 2947
1660 1040
816 884
699 879
988 1057
3461 3736
365 444
14374 16654
1684 1271
1900 1480
2156 1434
2339 2121
2494 2679
2806 2319
1297 748
