0 -0.028653396293520927 0.29227694869041443 1.1304769515991211 135 48 67 0 342196849 1513 1443957691 2347
1 -0.19566920399665833 0.16674631834030151 1.1121045351028442 184 87 104 0 342196849 803 1443957691 987
2 0.0021845339797437191 0.026321191340684891 1.1108024120330811 79 22 2 0 342196849 434 1443957691 495
3 -0.36815774440765381 -0.36029183864593506 1.3204343318939209 195 180 173 0 342196849 296 362832386 454 738448197 323 1443957691 337
4 -0.40103641152381897 -0.36094203591346741 1.3092308044433594 201 189 173 0 362832386 661 738448197 330 1443957691 363
5 -0.095277450978755951 -0.44969627261161804 1.3413002490997314 243 236 244 0 342196849 373 738448197 358
6 -0.37318852543830872 -0.36971944570541382 1.3180326223373413 197 194 189 0 342196849 360 362832386 981 738448197 378 1443957691 625
7 -0.37017381191253662 -0.37083956599235535 1.3191243410110474 196 194 205 0 342196849 585 362832386 818 738448197 419 1443957691 543
8 0.016109336167573929 0.048641998320817947 1.1318298578262329 196 146 137 0 342196849 1248 1443957691 2622
9 -0.36419272422790527 -0.32784134149551392 1.3218226432800293 186 132 94 0 342196849 321 738448197 453 1443957691 376
10 -0.39383843541145325 -0.36396095156669617 1.3081902265548706 64 63 94 0 362832386 1046 738448197 462
11 -0.39002078771591187 -0.35851314663887024 1.3121099472045898 85 73 85 0 362832386 1108 738448197 493
12 -0.36954620480537415 -0.33236148953437805 1.3194462060928345 195 185 175 0 342196849 409 738448197 497 1443957691 516
13 -0.36801257729530334 -0.33920601010322571 1.3196322917938232 174 159 154 0 362832386 926 738448197 501
14 -0.36880403757095337 -0.33963552117347717 1.3202246427536011 190 183 173 0 342196849 355 738448197 502
15 -0.3609907329082489 -0.33552250266075134 1.32283616065979 194 178 188 0 342196849 457 362832386 1083 738448197 517 1443957691 613
16 -0.39679640531539917 -0.35799145698547363 1.3100006580352783 106 87 89 0 342196849 572 738448197 534 1443957691 782
17 -0.37766984105110168 -0.36844632029533386 1.3163336515426636 209 195 184 0 342196849 483 362832386 1186 738448197 547 1443957691 684
18 -0.39699846506118774 -0.36301353573799133 1.3105450868606567 186 183 192 0 362832386 1250 738448197 549 1443957691 981
19 -0.36468818783760071 -0.33450937271118164 1.3210678100585938 199 181 181 0 342196849 454 362832386 1365 738448197 559 1443957691 635
20 -0.3640131950378418 -0.33380445837974548 1.3203557729721069 188 179 172 0 362832386 1364 738448197 560
21 -0.35727968811988831 -0.32650509476661682 1.3239287137985229 154 143 137 0 342196849 525 738448197 562
22 -0.35764357447624207 -0.33719232678413391 1.3241024017333984 182 181 197 0 342196849 535 738448197 567 1443957691 720
23 -0.048978287726640701 -0.39363446831703186 1.4407323598861694 83 85 74 0 342196849 859 1443957691 798
24 -0.35187467932701111 -0.31570702791213989 1.326411247253418 177 163 154 0 342196849 566 738448197 638 1443957691 736
25 0.00073788739973679185 0.028627915307879448 1.1115461587905884 253 199 175 0 342196849 1023 1443957691 1000
26 -0.40557321906089783 -0.36014798283576965 1.3073174953460693 201 189 189 0 362832386 1461 738448197 682 1443957691 951
27 -0.36505848169326782 -0.34669405221939087 1.3212053775787354 216 202 199 0 342196849 617 362832386 1828 738448197 697 1443957691 1027
28 -0.37049597501754761 -0.32741239666938782 1.3191491365432739 154 118 84 0 342196849 527 738448197 699 1443957691 858
29 -0.36091291904449463 -0.32209929823875427 1.323007345199585 182 130 91 0 342196849 741 738448197 757 1443957691 973
30 -0.03075723722577095 0.12771250307559967 1.1726429462432861 87 39 53 0 342196849 3030 1443957691 3139
31 -0.39282914996147156 -0.36371606588363647 1.310704231262207 179 184 203 0 342196849 642 362832386 2455 738448197 778 1443957691 1187
32 -0.40270280838012695 -0.36126086115837097 1.3080873489379883 209 200 203 0 362832386 1782 738448197 790 1443957691 1477
33 -0.37681558728218079 -0.35789594054222107 1.3165940046310425 125 70 39 0 342196849 673 362832386 1663 738448197 835 1443957691 885
34 -0.38628363609313965 -0.34761950373649597 1.3131829500198364 195 189 203 0 342196849 773 362832386 1940 738448197 878 1443957691 1145
35 -0.36480522155761719 -0.34114989638328552 1.3203439712524414 104 99 95 0 342196849 605 738448197 892
36 -0.35059830546379089 -0.32700622081756592 1.3272713422775269 35 34 50 0 342196849 968 738448197 920
37 -0.36786115169525146 -0.35620927810668945 1.3203613758087158 206 182 172 0 342196849 801 362832386 1981 738448197 1019 1443957691 1326
38 -0.36495354771614075 -0.36347454786300659 1.3201093673706055 74 80 94 0 342196849 1203 738448197 1098
39 -0.36882618069648743 -0.31646120548248291 1.3073755502700806 182 185 178 0 342196849 794 738448197 1187 1443957691 850
40 -0.37555357813835144 -0.33585718274116516 1.3172241449356079 190 182 195 0 342196849 1072 362832386 1784 738448197 1301
41 -0.37272366881370544 -0.33685043454170227 1.3182533979415894 192 179 170 0 362832386 2210 738448197 1313
42 -0.37170812487602234 -0.32819774746894836 1.3190761804580688 128 96 71 0 342196849 1544 738448197 1383 1443957691 3502
43 -0.38582295179367065 -0.35643270611763 1.3140429258346558 178 172 156 0 362832386 2659 738448197 1421 1443957691 2129
44 -0.40017536282539368 -0.35005673766136169 1.3085945844650269 106 66 40 0 342196849 1560 362832386 2425 738448197 1571
45 -0.39360356330871582 -0.36103084683418274 1.3104496002197266 80 65 70 0 342196849 1824 738448197 1598
46 -0.34458982944488525 -0.31495118141174316 1.327856183052063 53 51 65 0 342196849 2531 738448197 1667
47 0.030851608142256737 0.066596977412700653 1.1422624588012695 94 56 69 0 342196849 4432 1443957691 6773
48 -0.36580365896224976 -0.35033071041107178 1.3216670751571655 197 175 164 0 342196849 1664 738448197 1751 1443957691 2104
49 0.012494497932493687 0.18115611374378204 1.1762312650680542 201 226 233 0 342196849 4141 1443957691 8850
50 -0.36118483543395996 -0.31959450244903564 1.3240790367126465 94 46 26 0 342196849 1889 738448197 1847
51 -0.38563674688339233 -0.34992355108261108 1.3142428398132324 121 117 116 0 342196849 1663 738448197 1875 1443957691 2648
52 -0.36771202087402344 -0.34080785512924194 1.3196002244949341 210 182 178 0 362832386 3032 738448197 1889
53 -0.38254913687705994 -0.34562340378761292 1.314581036567688 107 106 122 0 342196849 1695 738448197 1914
54 -0.36660006642341614 -0.33805504441261292 1.3199402093887329 227 207 219 0 342196849 1338 738448197 2081 1443957691 1146
55 -0.38096082210540771 -0.34996324777603149 1.3154119253158569 197 180 172 0 342196849 2307 362832386 5464 738448197 2177 1443957691 3200
56 -0.36195629835128784 -0.33970177173614502 1.3221544027328491 187 181 193 0 362832386 4006 738448197 2205 1443957691 2072
57 -0.38627913594245911 -0.36384108662605286 1.3131445646286011 137 115 101 0 342196849 1438 362832386 5289 738448197 2316 1443957691 2010
58 -0.35383835434913635 -0.31527283787727356 1.3252686262130737 104 72 57 0 342196849 2065 738448197 2345
59 -0.36564818024635315 -0.33983618021011353 1.3203743696212769 96 91 98 0 342196849 1629 738448197 2407 1443957691 2399
60 -0.36861026287078857 -0.35980746150016785 1.3194622993469238 196 180 167 0 362832386 4039 738448197 2453
61 -0.38346877694129944 -0.35344398021697998 1.3148376941680908 113 95 91 0 362832386 3494 738448197 2464
62 -0.38325664401054382 -0.36512210965156555 1.3144985437393188 142 116 91 0 342196849 1578 738448197 2583 1443957691 2005
63 -0.36914584040641785 -0.37585517764091492 1.3164663314819336 168 158 157 0 342196849 2053 738448197 2538
64 -0.38096246123313904 -0.364012211561203 1.3147088289260864 231 191 165 0 342196849 1682 738448197 2604 1443957691 2625
65 -0.38146466016769409 -0.36217746138572693 1.3147454261779785 152 109 75 0 342196849 2247 738448197 2782 1443957691 2554
66 -0.35222738981246948 -0.32667741179466248 1.3276472091674805 166 164 169 0 342196849 2410 738448197 3128
67 -0.38605490326881409 -0.35921111702919006 1.3149349689483643 118 97 80 0 362832386 3399 738448197 3160
68 -0.36745288968086243 -0.35971942543983459 1.3207333087921143 143 128 123 0 342196849 4500 362832386 4458 738448197 3190 1443957691 5311
69 -0.39815956354141235 -0.34888705611228943 1.3096225261688232 212 185 164 0 362832386 5356 738448197 3382 1443957691 3699
70 -0.35121497511863708 -0.31467357277870178 1.328495979309082 188 178 176 0 342196849 2841 738448197 3480
71 -0.36632171273231506 -0.34597551822662354 1.3214123249053955 191 184 176 0 342196849 4637 738448197 3579
72 -0.39113682508468628 -0.34429240226745605 1.3128094673156738 149 138 136 0 342196849 4949 738448197 3644 1443957691 7305
73 -0.36097589135169983 -0.3158678412437439 1.3231488466262817 152 101 70 0 342196849 3068 738448197 3698 1443957691 5439
74 -0.3920251727104187 -0.34866172075271606 1.312771201133728 134 124 123 0 342196849 3764 738448197 3722
75 -0.3711027204990387 -0.35057303309440613 1.3194363117218018 164 103 75 0 342196849 3185 738448197 3786 1443957691 4087
76 -0.40058165788650513 -0.35250362753868103 1.3097378015518188 189 161 140 0 362832386 5972 738448197 4379 1443957691 5896
77 -0.36521971225738525 -0.35578924417495728 1.3210388422012329 129 120 111 0 362832386 6607 738448197 4382
78 -0.38371583819389343 -0.35624814033508301 1.3137946128845215 189 161 147 0 342196849 3455 738448197 4500
79 -0.35151931643486023 -0.31830611824989319 1.3301124572753906 128 118 109 0 342196849 4715 738448197 6088
80 -0.35692808032035828 -0.3131563663482666 1.3251191377639771 119 72 54 0 342196849 3376 738448197 7539
81 -0.37527415156364441 -0.3691943883895874 1.3175135850906372 130 120 110 0 342196849 3741 738448197 8846 1443957691 8229
82 -0.35781612992286682 -0.31698721647262573 1.3240240812301636 145 88 71 0 342196849 5415 738448197 9393
83 -0.30100700259208679 -0.017268087714910507 1.1468658447265625 174 73 91 0 342196849 2996 1443957691 4666
84 -0.2315203994512558 0.24658694863319397 1.0748987197875977 177 79 102 0 342196849 1648 1443957691 2428
85 0.096932001411914825 -0.32976487278938293 1.4764962196350098 114 110 101 0 342196849 573 1443957691 364
86 0.1225610226392746 -0.30017134547233582 1.478213906288147 150 145 141 0 342196849 277 1443957691 307
87 0.01942746713757515 -0.0010805563069880009 1.1123406887054443 200 172 187 0 342196849 275 1443957691 239
88 0.051242206245660782 -0.028825337067246437 1.1150553226470947 58 26 39 0 342196849 586 1443957691 837
89 -0.15084773302078247 -0.047636080533266068 1.2041667699813843 169 66 85 0 342196849 1251 1443957691 1854
90 0.12352865189313889 -0.29800280928611755 1.4784919023513794 151 146 142 0 342196849 1079 1443957691 1138
91 -0.16606660187244415 0.17099979519844055 1.1254202127456665 183 79 104 0 342196849 873 1443957691 1150
92 -0.17592446506023407 -0.056645657867193222 1.1987189054489136 173 70 89 0 342196849 1532 1443957691 1541
93 -0.18890866637229919 0.11938590556383133 1.1336241960525513 163 66 83 0 342196849 1888 1443957691 2272
94 0.049153279513120651 -0.028162341564893723 1.1146146059036255 164 94 105 0 342196849 1912 1443957691 4930
95 0.10614131391048431 -0.31942945718765259 1.4786840677261353 4 3 0 0 342196849 1754 1443957691 1298
96 0.12211832404136658 -0.29768586158752441 1.4735639095306396 19 14 10 0 342196849 3187 1443957691 1263
97 0.1726144403219223 -0.2045171707868576 1.4746500253677368 52 47 43 0 342196849 4251 1443957691 4456
98 -0.0086592221632599831 0.17772717773914337 1.1725707054138184 185 214 220 0 342196849 6989 1443957691 10164
99 -0.051001746207475662 -0.219313845038414 1.3908594846725464 24 19 15 0 342196849 8858 1443957691 5273
100 0.015137242153286934 0.0051244809292256832 1.1096365451812744 198 151 167 0 342196849 2231 1443957691 2317
101 0.097434930503368378 -0.32251334190368652 1.4750970602035522 57 52 48 0 342196849 5768 1443957691 10222
102 -0.006035609170794487 0.17933648824691772 1.1726024150848389 211 236 243 0 342196849 9030 1443957691 13350
103 -0.040639530867338181 -0.081768795847892761 1.2523438930511475 193 81 103 0 342196849 8840 1443957691 10578
104 0.16990332305431366 -0.20828099548816681 1.4741177558898926 62 57 53 0 342196849 13349 1443957691 13305
105 0.093370094895362854 -0.42892342805862427 1.484693169593811 162 158 149 0 342196849 33 1443957691 34
106 -0.30450442433357239 -0.22030714154243469 1.3432843685150146 2 2 2 0 342196849 62 1443957691 68
107 -0.34568232297897339 -0.22789071500301361 1.3197129964828491 1 1 1 0 342196849 81 1443957691 94
108 -0.36276519298553467 -0.27476856112480164 1.3115713596343994 140 130 128 0 342196849 85 1443957691 96
109 -0.30163973569869995 -0.27871924638748169 1.3515233993530273 138 130 117 0 342196849 86 1443957691 99
110 -0.35709655284881592 -0.29374229907989502 1.3176141977310181 0 69 50 0 342196849 104 1443957691 117
111 -0.04574618861079216 -0.38644850254058838 1.4434857368469238 107 103 94 0 342196849 114 1443957691 122
112 0.12006017565727234 -0.30514413118362427 1.4788472652435303 133 129 120 0 342196849 94 1443957691 141
113 -0.34552487730979919 -0.29387521743774414 1.3241322040557861 116 131 134 0 342196849 155 1443957691 150
114 -0.33128350973129272 -0.31006437540054321 1.3367576599121094 26 20 24 0 342196849 143 1443957691 159
115 -0.33107176423072815 -0.21549186110496521 1.326835036277771 90 85 81 0 342196849 138 1443957691 162
116 -0.35754096508026123 -0.31706023216247559 1.322211742401123 98 41 12 0 342196849 159 1443957691 174
117 -0.369272381067276 -0.29283922910690308 1.3067854642868042 103 28 59 0 342196849 185 1443957691 179
118 -0.33775579929351807 -0.28659152984619141 1.3296734094619751 24 24 24 0 342196849 177 1443957691 185
119 -0.34327089786529541 -0.24072231352329254 1.3196258544921875 97 92 88 0 342196849 192 1443957691 194
120 -0.35291934013366699 -0.28566661477088928 1.319387674331665 142 147 151 0 342196849 173 1443957691 209
121 0.0089678214862942696 0.040359750390052795 1.125826358795166 198 132 97 0 342196849 165 1443957691 211
122 -0.33092379570007324 -0.31264308094978333 1.3363027572631836 26 20 20 0 342196849 254 1443957691 237
123 0.016932457685470581 0.0002760963689070195 1.1115089654922485 33 17 28 0 342196849 326 1443957691 260
124 -0.3661537766456604 -0.29991555213928223 1.3101737499237061 108 115 107 0 342196849 303 1443957691 276
125 -0.3560275137424469 -0.30393674969673157 1.3199141025543213 176 157 159 0 342196849 290 1443957691 279
126 -0.37236335873603821 -0.37413400411605835 1.3190360069274902 34 55 110 0 342196849 240 1443957691 280
127 -0.37775570154190063 -0.29705449938774109 1.2999918460845947 154 149 145 0 342196849 337 1443957691 295
128 -0.41148853302001953 -0.35744577646255493 1.3057173490524292 195 177 163 0 362832386 748 1443957691 312
129 -0.39633786678314209 -0.35102775692939758 1.310846209526062 191 182 175 0 362832386 469 1443957691 314
130 -0.36474618315696716 -0.34784004092216492 1.3228772878646851 190 185 182 0 362832386 439 1443957691 325
131 -0.35837376117706299 -0.28851857781410217 1.3173437118530273 7 29 16 0 342196849 324 1443957691 345
132 -0.35584264993667603 -0.32683843374252319 1.3252626657485962 163 148 143 0 342196849 294 738448197 326 1443957691 354
133 -0.3373238742351532 -0.30991947650909424 1.3333568572998047 129 120 79 0 342196849 344 1443957691 355
134 -0.052144650369882584 -0.39330577850341797 1.4416284561157227 88 90 79 0 342196849 311 1443957691 358
135 0.057768099009990692 -0.023142829537391663 1.1165403127670288 18 8 7 0 342196849 446 1443957691 369
136 -0.3671436607837677 -0.3384442925453186 1.3167660236358643 195 183 169 0 342196849 356 1443957691 377
137 -0.37233927845954895 -0.35536929965019226 1.3197394609451294 122 56 30 0 342196849 312 738448197 305 1443957691 379
138 -0.32308816909790039 -0.21702519059181213 1.3298324346542358 20 16 15 0 342196849 377 1443957691 383
139 -0.36651402711868286 -0.25599408149719238 1.3079836368560791 72 72 72 0 342196849 304 1443957691 384
140 -0.29115912318229675 -0.23675398528575897 1.3566477298736572 151 139 113 0 342196849 353 1443957691 386
141 0.1355779767036438 -0.31223386526107788 1.4831522703170776 20 14 16 0 342196849 610 1443957691 389
142 -0.040061607956886292 -0.39698982238769531 1.4456382989883423 84 80 69 0 342196849 351 1443957691 401
143 -0.32671284675598145 -0.30306914448738098 1.3385779857635498 29 23 23 0 342196849 391 1443957691 408
144 -0.3364206850528717 -0.22053726017475128 1.3238706588745117 4 4 4 0 342196849 349 1443957691 417
145 0.060584910213947296 -0.021236224099993706 1.119956374168396 16 0 5 0 342196849 398 1443957691 437
146 -0.36205482482910156 -0.30690550804138184 1.3152523040771484 170 154 155 0 342196849 440 1443957691 445
147 -0.42107641696929932 -0.35858866572380066 1.3032693862915039 41 57 80 0 362832386 1129 1443957691 450
148 0.050593141466379166 0.029800167307257652 1.1626273393630981 103 66 73 0 342196849 761 1443957691 454
149 -0.31546753644943237 -0.23348402976989746 1.337252140045166 0 0 0 0 342196849 474 1443957691 456
150 -0.36383044719696045 -0.30432727932929993 1.3142960071563721 2 12 3 0 342196849 402 1443957691 465
151 0.035239145159721375 0.02741103433072567 1.1457253694534302 211 174 181 0 342196849 453 1443957691 486
152 -0.34460720419883728 -0.28330054879188538 1.3228287696838379 126 126 126 0 342196849 464 1443957691 489
153 -0.31247356534004211 -0.24032481014728546 1.3409467935562134 65 65 65 0 342196849 523 1443957691 504
154 -0.36970165371894836 -0.33234414458274841 1.3195427656173706 195 185 175 0 738448197 496 1443957691 517
155 -0.35252025723457336 -0.29207655787467957 1.3202961683273315 0 47 37 0 342196849 418 1443957691 518
156 0.052987862378358841 0.044842012226581573 1.1599066257476807 165 115 126 0 342196849 958 1443957691 527
157 -0.35257554054260254 -0.30381467938423157 1.3227317333221436 32 34 47 0 342196849 439 1443957691 562
158 -0.3539043664932251 -0.30747181177139282 1.324920654296875 186 173 164 0 342196849 487 1443957691 564
159 -0.35689812898635864 -0.32141619920730591 1.3243217468261719 103 41 16 0 342196849 427 1443957691 575
160 -0.36993229389190674 -0.34588059782981873 1.3191444873809814 143 89 53 0 342196849 384 1443957691 577
161 0.014603861607611179 0.0041007488034665585 1.1100161075592041 181 137 152 0 342196849 543 1443957691 578
162 -0.3797537088394165 -0.35398286581039429 1.3161908388137817 201 184 168 0 342196849 411 1443957691 585
163 0.048309259116649628 0.037043824791908264 1.1571658849716187 112 69 78 0 342196849 732 1443957691 589
164 0.021626168861985207 -0.0030058389529585838 1.1135144233703613 66 25 41 0 342196849 560 1443957691 594
165 -0.335284024477005 -0.26989784836769104 1.3272585868835449 105 99 101 0 342196849 627 1443957691 596
166 0.053552158176898956 0.033635213971138 1.1650528907775879 177 134 143 0 342196849 1174 1443957691 599
167 -0.31207120418548584 -0.26363787055015564 1.3435585498809814 58 57 55 0 342196849 793 1443957691 612
168 -0.37179645895957947 -0.3621249794960022 1.3186752796173096 205 182 164 0 342196849 441 362832386 1082 738448197 506 1443957691 628
169 -0.13880720734596252 0.42620909214019775 1.0299781560897827 153 55 78 0 342196849 917 1443957691 630
170 -0.32379800081253052 -0.29683655500411987 1.3407772779464722 36 31 27 0 342196849 516 1443957691 633
171 -0.362100750207901 -0.29969286918640137 1.314515233039856 0 15 2 0 342196849 511 1443957691 652
172 -0.0044180997647345066 -0.38002094626426697 1.4614475965499878 114 106 93 0 342196849 600 1443957691 656
173 -0.38199678063392639 -0.36710664629936218 1.3149652481079102 210 200 188 0 342196849 558 738448197 530 1443957691 674
174 -0.060535334050655365 -0.24927942454814911 1.3878268003463745 63 53 51 0 342196849 503 1443957691 709
175 -0.30973523855209351 -0.24639777839183807 1.3441412448883057 8 8 8 0 342196849 792 1443957691 722
176 0.025511033833026886 0.032630473375320435 1.1343218088150024 236 193 202 0 342196849 964 1443957691 723
177 -0.38849934935569763 -0.36478611826896667 1.3121600151062012 196 195 203 0 342196849 497 362832386 1653 1443957691 729
178 0.013466242700815201 0.0013591682072728872 1.1093436479568481 107 63 78 0 342196849 663 1443957691 741
179 -0.21366599202156067 -0.23650072515010834 1.3872133493423462 82 64 40 0 342196849 748 1443957691 747
180 -0.33337539434432983 -0.27334141731262207 1.3285707235336304 111 105 107 0 342196849 708 1443957691 754
181 -0.35677117109298706 -0.30827248096466064 1.3236247301101685 102 62 54 0 342196849 484 1443957691 757
182 0.093103475868701935 0.15904814004898071 1.2047262191772461 183 209 210 0 342196849 565 1443957691 766
183 -0.3862137496471405 -0.35245183110237122 1.3131484985351562 189 185 184 0 342196849 459 1443957691 787
184 -0.36665964126586914 -0.28516656160354614 1.3077645301818848 60 34 47 0 342196849 976 1443957691 827
185 -0.39127588272094727 -0.33957836031913757 1.3104937076568604 178 158 157 0 342196849 489 1443957691 834
186 -0.36522704362869263 -0.34108993411064148 1.3208873271942139 101 92 93 0 342196849 606 1443957691 849
187 -0.37130820751190186 -0.32771918177604675 1.319738507270813 154 118 84 0 738448197 698 1443957691 857
188 -0.33911427855491638 -0.25834044814109802 1.3219316005706787 123 117 119 0 342196849 616 1443957691 876
189 -0.33661869168281555 -0.2651691734790802 1.3248617649078369 126 122 121 0 342196849 911 1443957691 900
190 -0.34877339005470276 -0.28542253375053406 1.3221973180770874 40 37 44 0 342196849 769 1443957691 921
191 -0.36386126279830933 -0.30711627006530762 1.3142499923706055 157 147 145 0 342196849 674 1443957691 927
192 -0.41163387894630432 -0.34127804636955261 1.3066705465316772 132 132 144 0 362832386 1869 1443957691 934
193 -0.044750213623046875 -0.37454980611801147 1.4468746185302734 135 131 122 0 342196849 991 1443957691 949
194 -0.33958277106285095 -0.217276930809021 1.3237473964691162 103 98 102 0 342196849 838 1443957691 950
195 -0.32969769835472107 -0.30222910642623901 1.3355209827423096 98 93 87 0 342196849 1000 1443957691 955
196 -0.36855882406234741 -0.35233956575393677 1.3196138143539429 138 74 39 0 342196849 837 1443957691 960
197 0.053855910897254944 0.039285343140363693 1.1622952222824097 172 122 133 0 342196849 1694 1443957691 974
198 -0.33717545866966248 -0.25377827882766724 1.3225352764129639 109 103 105 0 342196849 701 1443957691 977
199 -0.33093392848968506 -0.29849123954772949 1.3340970277786255 110 105 101 0 342196849 898 1443957691 988
200 -0.34951493144035339 -0.28084427118301392 1.3211675882339478 126 126 126 0 342196849 913 1443957691 1010
201 -0.36693975329399109 -0.33266729116439819 1.3211089372634888 110 84 69 0 342196849 729 738448197 818 1443957691 1017
202 -0.33278092741966248 -0.27745532989501953 1.3306554555892944 101 95 97 0 342196849 966 1443957691 1024
203 -0.37559184432029724 -0.34114125370979309 1.3176147937774658 146 113 80 0 738448197 686 1443957691 1026
204 0.003475935198366642 0.045400451868772507 1.1249409914016724 179 133 100 0 342196849 666 1443957691 1029
205 -0.36231359839439392 -0.33319076895713806 1.3220643997192383 127 85 69 0 342196849 740 1443957691 1032
206 -0.36228686571121216 -0.33304983377456665 1.3220529556274414 127 85 69 0 362832386 1648 1443957691 1033
207 -0.053994659334421158 -0.39518031477928162 1.4388844966888428 92 94 83 0 342196849 712 1443957691 1040
208 0.012206794694066048 -0.00024424039293080568 1.1088298559188843 196 155 171 0 342196849 1084 1443957691 1045
209 -0.33524775505065918 -0.24868300557136536 1.3243244886398315 106 100 102 0 342196849 1060 1443957691 1052
210 -0.054640546441078186 -0.35984990000724792 1.4450161457061768 120 112 99 0 342196849 1464 1443957691 1063
211 -0.33022847771644592 -0.26265925168991089 1.330073356628418 107 102 98 0 342196849 1008 1443957691 1071
212 -0.34150600433349609 -0.29586455225944519 1.3290907144546509 99 126 153 0 342196849 946 1443957691 1076
213 -0.00043267509317956865 0.027957210317254066 1.1100368499755859 216 154 113 0 342196849 703 1443957691 1097
214 -0.38786962628364563 -0.36152884364128113 1.3135768175125122 202 189 183 0 342196849 874 362832386 2134 738448197 853 1443957691 1102
215 0.035421166568994522 0.023876240476965904 1.144875168800354 123 86 93 0 342196849 734 1443957691 1104
216 -0.33267092704772949 -0.20955871045589447 1.3254866600036621 108 103 99 0 342196849 846 1443957691 1120
217 -0.33623534440994263 -0.20778936147689819 1.3235898017883301 11 6 0 0 342196849 969 1443957691 1148
218 -0.35579612851142883 -0.27972722053527832 1.3181303739547729 31 25 27 0 342196849 676 1443957691 1158
219 -0.33553424477577209 -0.25355491042137146 1.3249790668487549 39 33 35 0 342196849 936 1443957691 1194
220 -0.37426474690437317 -0.36458191275596619 1.3180299997329712 137 91 67 0 342196849 767 1443957691 1196
221 -0.012584080919623375 0.031367979943752289 1.113215446472168 107 57 46 0 342196849 770 1443957691 1222
222 0.034925311803817749 0.030592748895287514 1.1449530124664307 138 95 104 0 342196849 1148 1443957691 1239
223 -0.34128624200820923 -0.30525633692741394 1.3308743238449097 56 65 74 0 342196849 1057 1443957691 1250
224 -0.41946622729301453 -0.35644674301147461 1.3036544322967529 148 165 183 0 738448197 983 1443957691 1252
225 -0.33030593395233154 -0.19516901671886444 1.3243789672851562 87 69 55 0 342196849 1296 1443957691 1257
226 -0.34684467315673828 -0.28089937567710876 1.3225944042205811 7 5 6 0 342196849 872 1443957691 1276
227 -0.21208234131336212 0.20882870256900787 1.0950137376785278 155 62 83 0 342196849 1027 1443957691 1282
228 -0.3708026111125946 -0.36513569951057434 1.3199602365493774 108 87 82 0 342196849 855 1443957691 1291
229 -0.38644635677337646 -0.29883775115013123 1.2992217540740967 170 148 150 0 342196849 810 1443957691 1292
230 -0.088815890252590179 -0.27955666184425354 1.3790557384490967 180 176 165 0 342196849 755 1443957691 1302
231 0.015317893587052822 0.0022300761193037033 1.1098744869232178 206 162 177 0 342196849 1106 1443957691 1314
232 -0.31584474444389343 -0.19926470518112183 1.3349865674972534 62 55 49 0 342196849 1462 1443957691 1317
233 -0.36653423309326172 -0.3629862368106842 1.3202261924743652 208 203 210 0 362832386 1749 738448197 789 1443957691 1337
234 -0.38820508122444153 -0.35546016693115234 1.3129689693450928 95 85 94 0 342196849 993 362832386 2203 1443957691 1339
235 -0.3491952121257782 -0.23764136433601379 1.3183672428131104 94 88 90 0 342196849 782 1443957691 1345
236 -0.38962021470069885 -0.35945391654968262 1.3130706548690796 82 76 90 0 342196849 853 1443957691 1346
237 -0.047622080892324448 0.11362393200397491 1.1769297122955322 216 231 236 0 342196849 2172 1443957691 1365
238 -0.39503753185272217 -0.34185999631881714 1.3094185590744019 110 80 44 0 342196849 804 1443957691 1373
239 -0.33289223909378052 -0.25444161891937256 1.3265625238418579 101 95 97 0 342196849 982 1443957691 1375
240 -0.33321097493171692 -0.25747576355934143 1.3251335620880127 19 13 15 0 342196849 1128 1443957691 1389
241 -0.057080734521150589 -0.37030154466629028 1.4431071281433105 172 168 157 0 342196849 1418 1443957691 1391
242 0.016866685822606087 0.03302692249417305 1.129450798034668 121 78 87 0 342196849 1626 1443957691 1406
243 -0.39549630880355835 -0.33188611268997192 1.3095637559890747 113 81 56 0 342196849 1187 1443957691 1435
244 -0.35426810383796692 -0.2755407989025116 1.3187227249145508 22 16 18 0 342196849 962 1443957691 1469
245 -0.33431172370910645 -0.26298388838768005 1.3268548250198364 95 90 86 0 342196849 1884 1443957691 1475
246 -0.27770894765853882 -0.20970270037651062 1.3556158542633057 41 35 19 0 342196849 1375 1443957691 1508
247 -0.35379540920257568 -0.33032914996147156 1.3252437114715576 194 180 193 0 342196849 1511 1443957691 1511
248 -0.23013605177402496 -0.23647657036781311 1.3827893733978271 84 66 44 0 342196849 1289 1443957691 1567
249 -0.13907794654369354 -0.2406761646270752 1.4169808626174927 93 80 64 0 342196849 896 1443957691 1579
250 -0.35627591609954834 -0.23600606620311737 1.3156110048294067 23 15 12 0 342196849 2127 1443957691 1600
251 -0.35779306292533875 -0.34038364887237549 1.3226860761642456 183 189 203 0 738448197 1318 1443957691 1606
252 -0.35680440068244934 -0.33923164010047913 1.3231918811798096 60 63 82 0 342196849 805 1443957691 1608
253 -0.30779373645782471 -0.26874655485153198 1.348820686340332 143 135 122 0 342196849 1374 1443957691 1614
254 0.0051507363095879555 0.02417316660284996 1.1117937564849854 212 154 142 0 342196849 2013 1443957691 1621
255 -0.01186103094369173 0.096759594976902008 1.1688647270202637 66 30 42 0 342196849 1082 1443957691 1628
256 -0.33108147978782654 -0.25827690958976746 1.3276007175445557 89 83 85 0 342196849 2752 1443957691 1639
257 -0.22466963529586792 -0.21256250143051147 1.3794162273406982 72 60 38 0 342196849 1335 1443957691 1648
258 -0.32908061146736145 -0.29456034302711487 1.3335964679718018 29 24 20 0 342196849 1135 1443957691 1652
259 -0.38421714305877686 -0.35825043916702271 1.3142749071121216 129 93 69 0 342196849 1409 362832386 3398 1443957691 1675
260 -0.2294495552778244 -0.22000716626644135 1.3764569759368896 106 89 63 0 342196849 1466 1443957691 1682
261 -0.37375584244728088 -0.30536168813705444 1.3061544895172119 78 26 38 0 342196849 1164 1443957691 1684
262 0.0043293619528412819 0.022974932566285133 1.1107531785964966 139 80 46 0 342196849 2289 1443957691 1691
263 -0.3803572952747345 -0.36125919222831726 1.3156670331954956 232 187 154 0 342196849 1196 1443957691 1703
264 -0.32934179902076721 -0.27603116631507874 1.3329846858978271 40 35 31 0 342196849 1372 1443957691 1705
265 -0.013229048810899258 0.3074704110622406 1.1297798156738281 142 44 67 0 342196849 1702 1443957691 1734
266 -0.37633061408996582 -0.3425847589969635 1.3174107074737549 127 91 57 0 342196849 1062 1443957691 1757
267 -0.15466953814029694 0.2289808988571167 1.1081560850143433 255 176 191 0 342196849 891 1443957691 1767
268 -0.37639832496643066 -0.30480924248695374 1.3045521974563599 173 110 127 0 342196849 1445 1443957691 1768
269 -0.36122891306877136 -0.21315255761146545 1.304918646812439 92 75 49 0 342196849 1405 1443957691 1772
270 -0.33527758717536926 -0.26057350635528564 1.3260929584503174 112 106 106 0 342196849 1420 1443957691 1774
271 -0.34326332807540894 -0.30546271800994873 1.3282026052474976 101 128 158 0 342196849 1383 1443957691 1776
272 0.11416401714086533 0.20877149701118469 1.2083696126937866 146 59 78 0 342196849 2078 1443957691 1786
273 -0.35180622339248657 -0.28147566318511963 1.3199112415313721 42 42 44 0 342196849 979 1443957691 1829
274 0.040373731404542923 0.027336463332176208 1.1485751867294312 157 113 128 0 342196849 2450 1443957691 1833
275 -0.37607008218765259 -0.34627893567085266 1.3174616098403931 220 181 142 0 342196849 1242 738448197 1617 1443957691 1835
276 -0.35663360357284546 -0.31194281578063965 1.3265677690505981 201 173 162 0 738448197 1291 1443957691 1839
277 -0.37909740209579468 -0.35004383325576782 1.3160547018051147 135 105 77 0 342196849 1551 738448197 1810 1443957691 1847
278 -0.13774646818637848 0.28422152996063232 1.0923271179199219 161 63 86 0 342196849 1553 1443957691 1894
279 0.023920081555843353 -0.0030267378315329552 1.1154013872146606 86 108 119 0 342196849 1343 1443957691 1898
280 -0.38528946042060852 -0.32339739799499512 1.3068583011627197 142 132 133 0 342196849 1270 1443957691 1928
281 -0.04194505512714386 -0.38209250569343567 1.4494962692260742 127 123 114 0 342196849 1726 1443957691 1948
282 -0.34661263227462769 -0.27694308757781982 1.3204499483108521 119 107 111 0 342196849 835 1443957691 1959
283 -0.40323305130004883 -0.35905015468597412 1.3086893558502197 121 94 64 0 738448197 1052 1443957691 1963
284 -0.36813551187515259 -0.28890836238861084 1.3092858791351318 147 98 120 0 342196849 2369 1443957691 1976
285 0.082699671387672424 0.17085520923137665 1.2015981674194336 185 210 217 0 342196849 1942 1443957691 1995
286 -0.36865806579589844 -0.37046268582344055 1.3208237886428833 70 72 87 0 362832386 2797 1443957691 2012
287 -0.34421145915985107 -0.2867201566696167 1.3229930400848389 35 40 44 0 342196849 1315 1443957691 2014
288 -0.37676861882209778 -0.3535768985748291 1.3169777393341064 134 101 84 0 342196849 1939 738448197 1818 1443957691 2016
289 -0.30655649304389954 -0.20286153256893158 1.3412678241729736 98 89 82 0 342196849 2012 1443957691 2020
290 -0.2929043173789978 -0.029884632676839828 1.1501270532608032 169 72 89 0 342196849 1219 1443957691 2033
291 0.15438874065876007 0.13794739544391632 1.2467285394668579 136 39 56 0 342196849 2037 1443957691 2040
292 0.028384510427713394 0.013236364349722862 1.1555353403091431 136 85 102 0 342196849 1482 1443957691 2044
293 -0.37148064374923706 -0.29797697067260742 1.307591438293457 141 82 100 0 342196849 1991 1443957691 2053
294 -0.37446212768554688 -0.3385627269744873 1.3173555135726929 140 110 84 0 342196849 1777 1443957691 2057
295 -0.36700284481048584 -0.34672936797142029 1.3200665712356567 133 76 57 0 342196849 1475 362832386 2917 738448197 2112 1443957691 2106
296 -0.047602180391550064 -0.38869264721870422 1.4446943998336792 118 114 105 0 342196849 2023 1443957691 2132
297 -0.31522902846336365 -0.28070047497749329 1.3446285724639893 39 40 34 0 342196849 2552 1443957691 2139
298 -0.027903789654374123 -0.37178817391395569 1.4550571441650391 98 93 87 0 342196849 2303 1443957691 2153
299 -0.35482880473136902 -0.3135313093662262 1.324876070022583 191 149 133 0 342196849 1130 1443957691 2182
300 -0.35108575224876404 -0.29691091179847717 1.3206828832626343 139 140 145 0 342196849 2445 1443957691 2236
301 -0.35822030901908875 -0.30260172486305237 1.3178180456161499 17 49 38 0 342196849 2183 1443957691 2239
302 -0.13076809048652649 -0.027224237099289894 1.2015260457992554 184 75 96 0 342196849 1640 1443957691 2264
303 -0.2185785174369812 0.24166414141654968 1.0804879665374756 158 65 86 0 342196849 1428 1443957691 2268
304 -0.39060226082801819 -0.36364555358886719 1.312703013420105 93 91 94 0 342196849 2020 1443957691 2289
305 -0.3338293731212616 -0.31521517038345337 1.3357819318771362 130 121 124 0 342196849 1498 1443957691 2350
306 -0.37339276075363159 -0.36765047907829285 1.3189278841018677 214 197 187 0 342196849 2504 1443957691 2363
307 -0.37554460763931274 -0.3553367555141449 1.3177348375320435 215 172 153 0 342196849 1048 1443957691 2369
308 -0.36691734194755554 -0.29022416472434998 1.3100976943969727 70 29 37 0 342196849 1643 1443957691 2393
309 -0.28814211487770081 -0.23321947455406189 1.3566863536834717 68 55 39 0 342196849 1447 1443957691 2430
310 -0.37499335408210754 -0.37690934538841248 1.3181318044662476 165 157 155 0 342196849 1716 1443957691 2528
311 -0.14020462334156036 -0.042810425162315369 1.2102214097976685 187 78 99 0 342196849 2786 1443957691 2540
312 -0.031095337122678757 0.12672340869903564 1.1721124649047852 180 144 154 0 342196849 1901 1443957691 2546
313 -0.38140350580215454 -0.36222139000892639 1.3147149085998535 152 109 75 0 738448197 2781 1443957691 2555
314 0.12839837372303009 -0.28933322429656982 1.4788037538528442 66 56 54 0 342196849 2677 1443957691 2579
315 -0.39164108037948608 -0.35975071787834167 1.3114566802978516 179 173 187 0 342196849 1860 1443957691 2608
316 0.024975202977657318 0.0071536567993462086 1.1517705917358398 130 79 96 0 342196849 2598 1443957691 2646
317 -0.26643082499504089 -0.21892006695270538 1.3633605241775513 87 69 49 0 342196849 2181 1443957691 2706
318 -0.36871159076690674 -0.29925057291984558 1.3099234104156494 145 127 127 0 342196849 1823 1443957691 2736
319 0.030756669119000435 0.013808730058372021 1.155280590057373 210 168 182 0 342196849 4562 1443957691 2765
320 -0.056499756872653961 -0.36766216158866882 1.4446520805358887 94 90 81 0 342196849 1805 1443957691 2777
321 -0.10375837236642838 -0.057897333055734634 1.2251116037368774 178 72 92 0 342196849 1645 1443957691 2784
322 -0.39917564392089844 -0.3196374773979187 1.308551549911499 153 151 162 0 342196849 1847 1443957691 2788
323 -0.36410742998123169 -0.33898672461509705 1.3215483427047729 191 188 209 0 342196849 1697 362832386 4381 738448197 2771 1443957691 2793
324 0.050334908068180084 0.22531561553478241 1.179568886756897 132 51 68 0 342196849 2360 1443957691 2808
325 -0.34635078907012939 -0.28910636901855469 1.3221932649612427 37 41 44 0 342196849 1557 1443957691 2825
326 -0.14254912734031677 -0.24153478443622589 1.4156229496002197 94 81 62 0 342196849 3285 1443957691 2854
327 0.16476079821586609 -0.02628699503839016 1.2993764877319336 174 64 91 0 342196849 6177 1443957691 2860
328 -0.32477030158042908 -0.27766513824462891 1.3348772525787354 64 59 55 0 342196849 2562 1443957691 2939
329 0.0011533180950209498 0.029504043981432915 1.1106488704681396 94 42 21 0 342196849 3062 1443957691 2940
330 -0.33758622407913208 -0.25999060273170471 1.3248499631881714 24 18 20 0 342196849 1658 1443957691 2950
331 -0.072355635464191437 -0.23394393920898438 1.3800320625305176 4 0 0 0 342196849 2607 1443957691 3105
332 0.12298314273357391 -0.27073743939399719 1.4835795164108276 60 50 48 0 342196849 1958 1443957691 3106
333 -0.24709597229957581 0.023014059290289879 1.1517953872680664 171 67 92 0 342196849 2109 1443957691 3145
334 -0.0036284581292420626 0.026802055537700653 1.1108323335647583 173 111 74 0 342196849 1306 1443957691 3148
335 -0.35127940773963928 -0.32070621848106384 1.3268285989761353 119 109 99 0 342196849 2408 1443957691 3152
336 -0.38979828357696533 -0.35407859086990356 1.3132641315460205 194 188 198 0 738448197 2159 1443957691 3182
337 -0.29065930843353271 -0.013226295821368694 1.1478153467178345 193 90 109 0 342196849 1625 1443957691 3186
338 0.15140421688556671 -0.29833048582077026 1.5369603633880615 123 115 104 0 342196849 2671 1443957691 3226
339 -0.35400593280792236 -0.31249469518661499 1.3258702754974365 99 89 87 0 342196849 2131 1443957691 3230
340 -0.033236265182495117 -0.36861017346382141 1.4516438245773315 83 79 70 0 342196849 2952 1443957691 3270
341 -0.016238374635577202 0.031200254335999489 1.1142264604568481 96 54 40 0 342196849 1397 1443957691 3280
342 -0.35575386881828308 -0.27782061696052551 1.3190141916275024 31 25 27 0 342196849 2491 1443957691 3298
343 -0.23884876072406769 -0.23627732694149017 1.3779628276824951 82 64 40 0 342196849 1918 1443957691 3299
344 -0.11777428537607193 0.1966933012008667 1.132468581199646 177 73 98 0 342196849 3078 1443957691 3312
345 -0.3811677098274231 -0.35909509658813477 1.3151415586471558 120 77 43 0 342196849 3119 1443957691 3316
346 -0.24335268139839172 -0.21794471144676208 1.372793436050415 109 89 62 0 342196849 3086 1443957691 3325
347 -0.35423684120178223 -0.3017042875289917 1.322721004486084 156 163 173 0 342196849 1567 1443957691 3374
348 -0.33116135001182556 -0.29022294282913208 1.3329473733901978 26 26 26 0 342196849 3560 1443957691 3427
349 -0.36413022875785828 -0.32689234614372253 1.321100115776062 193 140 100 0 342196849 3419 738448197 3251 1443957691 3454
350 0.1321762353181839 0.024746419861912727 1.2760384082794189 171 62 83 0 342196849 4144 1443957691 3527
351 -0.37771481275558472 -0.34584206342697144 1.3162782192230225 143 113 87 0 342196849 2762 1443957691 3529
352 -0.36433297395706177 -0.25454738736152649 1.3089436292648315 31 31 31 0 342196849 2137 1443957691 3531
353 -0.35941687226295471 -0.25444364547729492 1.3099544048309326 41 41 41 0 342196849 3531 1443957691 3532
354 -0.12792305648326874 0.11230648308992386 1.1499682664871216 174 70 95 0 342196849 1071 1443957691 3566
355 -0.36301979422569275 -0.31656840443611145 1.3218212127685547 119 74 41 0 342196849 1858 1443957691 3595
356 -0.29207757115364075 -0.2701057493686676 1.3564133644104004 156 148 137 0 342196849 2168 1443957691 3606
357 -0.33153918385505676 -0.29362207651138306 1.3326629400253296 108 108 108 0 342196849 2522 1443957691 3647
358 0.095388010144233704 -0.043096810579299927 1.2845362424850464 166 62 87 0 342196849 2546 1443957691 3680
359 -0.3600926399230957 -0.19785667955875397 1.3045036792755127 124 104 79 0 342196849 2775 1443957691 3711
360 -0.33575457334518433 -0.26357308030128479 1.3258845806121826 31 26 22 0 342196849 2578 1443957691 3873
361 -0.32123097777366638 -0.26551765203475952 1.3380180597305298 92 92 92 0 342196849 1913 1443957691 3890
362 -0.39413303136825562 -0.36281058192253113 1.310273289680481 84 84 92 0 342196849 1680 1443957691 3906
363 -0.12427753955125809 -0.23058231174945831 1.4191215038299561 112 99 80 0 342196849 2771 1443957691 3933
364 -0.3681061863899231 -0.36220079660415649 1.3190888166427612 141 122 116 0 738448197 2404 1443957691 3973
365 0.026180077344179153 -0.0028917768504470587 1.1154414415359497 103 109 123 0 342196849 2726 1443957691 3979
366 0.046038374304771423 0.045355517417192459 1.1492209434509277 121 73 85 0 342196849 3975 1443957691 4098
367 -0.35575833916664124 -0.32928216457366943 1.324554443359375 116 100 101 0 342196849 2593 1443957691 4125
368 -0.36784574389457703 -0.34494972229003906 1.3198361396789551 201 165 143 0 738448197 2356 1443957691 4165
369 0.037595447152853012 0.022688766941428185 1.1566089391708374 161 114 124 0 342196849 2766 1443957691 4217
370 -0.35226666927337646 -0.32468515634536743 1.3255573511123657 112 105 97 0 342196849 2720 1443957691 4244
371 -0.21940074861049652 0.19193108379840851 1.0975216627120972 159 61 84 0 342196849 5200 1443957691 4275
372 -0.15692467987537384 0.16655784845352173 1.1301581859588623 163 70 91 0 342196849 2755 1443957691 4278
373 -0.3329923152923584 -0.29419043660163879 1.3322634696960449 25 25 25 0 342196849 4736 1443957691 4316
374 -0.30102634429931641 -0.24457022547721863 1.3507344722747803 79 74 70 0 342196849 3497 1443957691 4393
375 -0.29535162448883057 -0.21397626399993896 1.349603533744812 76 72 69 0 342196849 4192 1443957691 4396
376 -0.37189590930938721 -0.34846827387809753 1.3183201551437378 120 66 32 0 342196849 4066 1443957691 4398
377 -0.091835543513298035 0.26194807887077332 1.1153385639190674 155 57 80 0 342196849 2882 1443957691 4480
378 -0.20109227299690247 0.092501230537891388 1.1405379772186279 167 70 87 0 342196849 3015 1443957691 4630
379 0.042930208146572113 0.22679121792316437 1.1768208742141724 135 45 70 0 342196849 4110 1443957691 4661
380 -0.29196327924728394 -0.22028879821300507 1.3528773784637451 36 33 16 0 342196849 4855 1443957691 4680
381 -0.20823326706886292 -0.23263987898826599 1.3846147060394287 123 105 93 0 342196849 5034 1443957691 4699
382 -0.27845272421836853 -0.24389585852622986 1.367186427116394 114 101 84 0 342196849 4469 1443957691 4715
383 -0.3721100389957428 -0.3640141487121582 1.3170651197433472 107 72 53 0 738448197 3542 1443957691 4793
384 -0.15435120463371277 -0.22894881665706635 1.4075684547424316 66 58 45 0 342196849 4069 1443957691 4833
385 -0.29528823494911194 -0.24366030097007751 1.3656966686248779 104 92 70 0 342196849 5409 1443957691 4835
386 -0.34866270422935486 -0.27787557244300842 1.320371150970459 55 44 48 0 342196849 3217 1443957691 4849
387 -0.0038112134207040071 0.046564120799303055 1.1226204633712769 119 94 87 0 342196849 5120 1443957691 4867
388 -0.092043012380599976 -0.27722647786140442 1.3788208961486816 191 184 168 0 342196849 2006 1443957691 4933
389 -0.35086163878440857 -0.31228482723236084 1.3265644311904907 113 103 101 0 342196849 2220 1443957691 4940
390 -0.24771676957607269 0.031626127660274506 1.13667893409729 171 74 91 0 342196849 3103 1443957691 5009
391 -0.21043075621128082 -0.084441520273685455 1.1953655481338501 185 76 97 0 342196849 2737 1443957691 5028
392 0.12041044980287552 -0.34947857260704041 1.475213885307312 29 25 24 0 342196849 1204 1443957691 5047
393 -0.3494127094745636 -0.28765258193016052 1.3212019205093384 37 45 48 0 342196849 2298 1443957691 5085
394 -0.38858398795127869 -0.35733473300933838 1.31269371509552 169 163 175 0 342196849 2214 1443957691 5093
395 -0.22439774870872498 -0.20617486536502838 1.3751469850540161 109 91 71 0 342196849 4165 1443957691 5127
396 0.13459791243076324 -0.30820721387863159 1.4825699329376221 31 26 20 0 342196849 3214 1443957691 5154
397 0.00046722337719984353 0.020197862759232521 1.1100225448608398 245 193 146 0 342196849 3308 1443957691 5161
398 0.022256698459386826 -0.0011859601363539696 1.1145248413085938 65 63 76 0 342196849 4336 1443957691 5168
399 -0.38234695792198181 -0.35064303874969482 1.3147010803222656 143 131 133 0 738448197 2621 1443957691 5209
400 -0.36650055646896362 -0.35909906029701233 1.3198611736297607 143 128 123 0 738448197 3191 1443957691 5312
401 -0.3182273805141449 -0.27599725127220154 1.3418847322463989 16 10 12 0 342196849 4107 1443957691 5378
402 0.091143064200878143 0.020615465939044952 1.2633073329925537 167 58 79 0 342196849 13190 1443957691 5383
403 -0.39669314026832581 -0.33807569742202759 1.3093081712722778 184 146 110 0 342196849 2363 1443957691 5462
404 -0.0083133354783058167 0.028690110892057419 1.1125123500823975 203 146 116 0 342196849 1869 1443957691 5470
405 -0.36081820726394653 -0.34092110395431519 1.3216650485992432 128 119 120 0 738448197 3091 1443957691 5482
406 -0.34922003746032715 -0.30908030271530151 1.3269226551055908 89 79 77 0 342196849 2739 1443957691 5499
407 -0.23788239061832428 0.17242130637168884 1.1024390459060669 173 76 93 0 342196849 2299 1443957691 5522
408 -0.16606929898262024 -0.2406146377325058 1.4054797887802124 81 68 49 0 342196849 3503 1443957691 5553
409 -0.38976547122001648 -0.35568848252296448 1.3117839097976685 183 177 187 0 342196849 3013 1443957691 5566
410 0.00046551672858186066 0.047560308128595352 1.1247369050979614 138 93 74 0 342196849 2639 1443957691 5575
411 -0.38164085149765015 -0.24699315428733826 1.2946245670318604 98 76 52 0 342196849 3167 1443957691 5656
412 -0.024063399061560631 0.28299278020858765 1.1342335939407349 161 68 89 0 342196849 3452 1443957691 5661
413 -0.3524518609046936 -0.34064111113548279 1.3281923532485962 128 119 112 0 342196849 6735 1443957691 5724
414 -0.36984923481941223 -0.25268977880477905 1.3044617176055908 107 90 70 0 342196849 5495 1443957691 5735
415 0.087942071259021759 0.24224315583705902 1.1856534481048584 161 63 86 0 342196849 3389 1443957691 5784
416 -0.36634799838066101 -0.28612929582595825 1.311354398727417 150 123 138 0 342196849 6529 1443957691 5847
417 -0.031534690409898758 0.12892694771289825 1.1735687255859375 205 159 172 0 342196849 4481 1443957691 5882
418 -0.21953985095024109 -0.20769621431827545 1.3785516023635864 110 95 74 0 342196849 4911 1443957691 5908
419 -0.38694301247596741 -0.20578491687774658 1.2874578237533569 84 62 38 0 342196849 3804 1443957691 5930
420 -0.37995424866676331 -0.3583909273147583 1.3158211708068848 185 140 107 0 738448197 3818 1443957691 6012
421 -0.36850610375404358 -0.33139926195144653 1.3199548721313477 209 184 162 0 342196849 2705 1443957691 6045
422 -0.2955363392829895 -0.230544313788414 1.351678729057312 85 80 76 0 342196849 3360 1443957691 6155
423 0.003957581240683794 0.15689539909362793 1.1562286615371704 115 92 102 0 342196849 3439 1443957691 6191
424 -0.28505894541740417 -0.048147805035114288 1.1614865064620972 191 88 107 0 342196849 4836 1443957691 6241
425 0.11590199172496796 -0.36525562405586243 1.4747240543365479 72 67 63 0 342196849 2912 1443957691 6281
426 0.042480234056711197 0.051802840083837509 1.1486721038818359 127 83 98 0 342196849 4609 1443957691 6283
427 -0.36598548293113708 -0.32161113619804382 1.3207809925079346 126 75 32 0 342196849 3773 1443957691 6286
428 -0.047632783651351929 -0.38083410263061523 1.4475052356719971 127 123 114 0 342196849 4407 1443957691 6327
429 -0.15624304115772247 0.2935670018196106 1.0893737077713013 163 65 88 0 342196849 2946 1443957691 6354
430 0.25823280215263367 0.20308652520179749 1.2585704326629639 166 63 82 0 342196849 4176 1443957691 6412
431 -0.34871721267700195 -0.31006065011024475 1.3275555372238159 175 165 163 0 738448197 2997 1443957691 6425
432 -0.38826420903205872 -0.36334270238876343 1.3125886917114258 195 182 174 0 738448197 8879 1443957691 6469
433 -0.2729547917842865 0.11419747769832611 1.1080139875411987 167 69 92 0 342196849 4226 1443957691 6493
434 -0.39413997530937195 -0.35376664996147156 1.3095773458480835 138 120 120 0 342196849 3318 1443957691 6517
435 0.010534183122217655 0.0050565614365041256 1.1076829433441162 200 149 166 0 342196849 7248 1443957691 6581
436 -0.39796066284179688 -0.34485185146331787 1.3085423707962036 178 132 96 0 342196849 3675 1443957691 6665
437 -0.40010052919387817 -0.34558737277984619 1.3103245496749878 178 132 96 0 362832386 6185 1443957691 6666
438 0.04511859267950058 0.038703098893165588 1.1505250930786133 152 102 113 0 342196849 6372 1443957691 6757
439 0.018606016412377357 0.01106212567538023 1.1512718200683594 107 53 77 0 342196849 4793 1443957691 6783
440 0.010124322026968002 0.0068877390585839748 1.1072942018508911 173 111 132 0 342196849 9062 1443957691 6795
441 -0.32670024037361145 -0.27508899569511414 1.3333569765090942 26 21 17 0 342196849 5459 1443957691 6949
442 -0.07169940322637558 -0.23663671314716339 1.3803343772888184 56 50 52 0 342196849 4768 1443957691 7023
443 -0.33503210544586182 -0.20750117301940918 1.3249771595001221 61 57 56 0 342196849 7514 1443957691 7035
444 -0.14208079874515533 -0.22031156718730927 1.4111840724945068 142 130 108 0 342196849 6087 1443957691 7066
445 -0.39333727955818176 -0.33914881944656372 1.3101757764816284 189 162 145 0 342196849 3411 1443957691 7070
446 -0.25700283050537109 -0.017118567600846291 1.1598678827285767 169 72 89 0 342196849 2396 1443957691 7171
447 -0.32252278923988342 -0.25410512089729309 1.331472635269165 81 81 81 0 342196849 3647 1443957691 7183
448 -0.02166716568171978 -0.076215431094169617 1.2576210498809814 189 75 98 0 342196849 3695 1443957691 7195
449 -0.21704110503196716 0.078766599297523499 1.1382981538772583 178 74 99 0 342196849 5901 1443957691 7206
450 -0.38438498973846436 -0.36310267448425293 1.3141449689865112 209 172 145 0 342196849 3949 1443957691 7257
451 -0.38403359055519104 -0.36302119493484497 1.3138316869735718 209 172 145 0 738448197 3336 1443957691 7258
452 0.049078617244958878 0.051904682070016861 1.1535253524780273 129 79 90 0 342196849 5548 1443957691 7264
453 -0.36523932218551636 -0.31913882493972778 1.3219892978668213 192 139 105 0 738448197 3415 1443957691 7274
454 0.0053512509912252426 0.025070356205105782 1.1127704381942749 93 44 40 0 342196849 4894 1443957691 7314
455 0.14248982071876526 -0.06249169260263443 1.3110847473144531 166 52 75 0 342196849 6785 1443957691 7377
456 -0.042607087641954422 0.29900431632995605 1.1218044757843018 141 48 69 0 342196849 2979 1443957691 7390
457 -0.25485876202583313 0.051693759858608246 1.133698582649231 193 89 114 0 342196849 4660 1443957691 7399
458 -0.34223967790603638 -0.30008676648139954 1.3293039798736572 103 130 157 0 342196849 3257 1443957691 7427
459 -0.28829577565193176 -0.21570117771625519 1.3548696041107178 66 53 37 0 342196849 5236 1443957691 7429
460 -0.23468579351902008 0.19434283673763275 1.0955053567886353 183 85 108 0 342196849 4100 1443957691 7433
461 0.038830846548080444 0.055136628448963165 1.1442561149597168 107 63 78 0 342196849 6104 1443957691 7578
462 -0.34223631024360657 -0.28302401304244995 1.3229960203170776 32 32 32 0 342196849 7844 1443957691 7620
463 -0.35465982556343079 -0.31412103772163391 1.3267418146133423 178 161 154 0 738448197 4871 1443957691 7635
464 -0.31990334391593933 -0.21494732797145844 1.332545280456543 59 49 47 0 342196849 7234 1443957691 7646
465 -0.35636886954307556 -0.29285553097724915 1.3182872533798218 5 74 56 0 342196849 6800 1443957691 7681
466 -0.14428931474685669 -0.026726348325610161 1.2011786699295044 189 80 101 0 342196849 4870 1443957691 7810
467 0.059014391154050827 0.034710746258497238 1.1696336269378662 112 62 73 0 342196849 6001 1443957691 7832
468 0.017886755988001823 0.013549638912081718 1.1507877111434937 148 101 117 0 342196849 5046 1443957691 7835
469 -0.031377598643302917 0.12479658424854279 1.1716991662979126 147 116 124 0 342196849 6255 1443957691 7854
470 -0.11085008084774017 -0.12562933564186096 1.2426134347915649 168 59 80 0 342196849 4932 1443957691 7937
471 -0.092882901430130005 -0.044209185987710953 1.2240903377532959 194 80 103 0 342196849 4588 1443957691 7990
472 -0.40049338340759277 -0.31333145499229431 1.3060798645019531 128 117 115 0 342196849 4289 1443957691 8034
473 -0.19323252141475677 -0.045033905655145645 1.1911486387252808 179 70 91 0 342196849 4178 1443957691 8093
474 0.00051783869275823236 0.027642596513032913 1.1103363037109375 155 99 66 0 342196849 8384 1443957691 8127
475 -0.31749054789543152 -0.27385818958282471 1.340662956237793 78 72 74 0 342196849 4050 1443957691 8186
476 0.13448411226272583 -0.28441792726516724 1.4806557893753052 80 75 71 0 342196849 8772 1443957691 8242
477 -0.29875022172927856 -0.039974644780158997 1.1506428718566895 190 87 106 0 342196849 4246 1443957691 8294
478 0.045791488140821457 0.075566582381725311 1.1559908390045166 103 65 78 0 342196849 10314 1443957691 8304
479 0.0034122362267225981 0.018234692513942719 1.1102241277694702 177 122 102 0 342196849 3384 1443957691 8362
480 -0.38400176167488098 -0.34835687279701233 1.3151386976242065 177 170 186 0 738448197 5059 1443957691 8367
481 -0.044434130191802979 -0.36472895741462708 1.4494301080703735 132 124 111 0 342196849 5660 1443957691 8374
482 -0.36939117312431335 -0.35597431659698486 1.3195993900299072 121 74 48 0 342196849 3951 1443957691 8387
483 -0.050562802702188492 -0.36175385117530823 1.4505785703659058 118 110 97 0 342196849 8778 1443957691 8421
484 -0.24620555341243744 -0.051109176129102707 1.1816822290420532 184 75 96 0 342196849 4851 1443957691 8452
485 -0.21281643211841583 0.24903805553913116 1.0833165645599365 170 72 95 0 342196849 5097 1443957691 8468
486 0.066648431122303009 -0.037590187042951584 1.2755662202835083 173 64 85 0 342196849 5390 1443957691 8490
487 -0.22245866060256958 0.09301573783159256 1.1346436738967896 171 73 96 0 342196849 5206 1443957691 8724
488 -0.25700464844703674 0.025423731654882431 1.1419669389724731 181 78 97 0 342196849 7212 1443957691 9013
489 0.050715256482362747 0.046712420880794525 1.1543828248977661 125 75 86 0 342196849 7618 1443957691 9300
490 0.19117172062397003 0.09489615261554718 1.2669174671173096 159 56 75 0 342196849 5728 1443957691 9309
491 -0.019025582820177078 -0.40544822812080383 1.4624699354171753 129 121 108 0 342196849 5726 1443957691 9342
492 0.034400001168251038 0.061512164771556854 1.1431703567504883 124 80 95 0 342196849 4787 1443957691 9623
493 0.18612046539783478 0.20631344616413116 1.2337844371795654 152 54 77 0 342196849 12021 1443957691 9784
494 -0.15219628810882568 -0.21844939887523651 1.4075886011123657 77 59 39 0 342196849 5272 1443957691 9857
495 -0.017797471955418587 0.094635821878910065 1.1681228876113892 108 71 79 0 342196849 4727 1443957691 9984
496 0.018615694716572762 0.24591626226902008 1.1635831594467163 149 51 74 0 342196849 6385 1443957691 10019
497 0.10358842462301254 -0.11960949003696442 1.3154315948486328 174 65 86 0 342196849 7461 1443957691 10096
498 0.14063923060894012 0.029820354655385017 1.2745133638381958 165 56 77 0 342196849 6784 1443957691 10162
499 0.17149418592453003 -0.21086624264717102 1.4740689992904663 27 22 18 0 342196849 6943 1443957691 10191
500 -0.29082310199737549 0.036742407828569412 1.1311017274856567 184 87 104 0 342196849 7217 1443957691 10256
501 -0.12466991692781448 -0.22566947340965271 1.4189683198928833 95 82 66 0 342196849 6426 1443957691 10265
502 -0.061857420951128006 -0.37133029103279114 1.4421319961547852 144 136 123 0 342196849 7538 1443957691 10400
503 -0.19049526751041412 0.38442352414131165 1.0455124378204346 156 58 81 0 342196849 7633 1443957691 10413
504 0.082170732319355011 -0.4291597306728363 1.497699499130249 123 115 102 0 342196849 5969 1443957691 10518
505 -0.275856614112854 0.10984694957733154 1.1017254590988159 180 82 105 0 342196849 4807 1443957691 10540
506 0.16062235832214355 -0.0036593456752598286 1.2957851886749268 173 64 85 0 342196849 9020 1443957691 10742
507 -0.02466973103582859 -0.37292197346687317 1.4570056200027466 136 128 115 0 342196849 7874 1443957691 10872
508 -0.14941403269767761 -0.20222030580043793 1.4026376008987427 89 76 60 0 342196849 9894 1443957691 11135
509 0.0012080916203558445 -0.099239051342010498 1.2727383375167847 187 73 96 0 342196849 6867 1443957691 11335
510 -0.15912246704101562 -0.23678337037563324 1.3992888927459717 70 57 41 0 342196849 7012 1443957691 11546
511 -0.20965012907981873 -0.22087769210338593 1.3831958770751953 99 87 65 0 342196849 9684 1443957691 11561
512 -0.10863803327083588 0.19669562578201294 1.1318886280059814 163 65 88 0 342196849 11535 1443957691 11628
513 -0.14799422025680542 0.22796405851840973 1.1128872632980347 159 61 84 0 342196849 7531 1443957691 11663
514 0.08206631988286972 -0.42827251553535461 1.4984153509140015 167 159 146 0 342196849 12497 1443957691 11837
515 -0.17565503716468811 -0.21959130465984344 1.3964908123016357 93 85 72 0 342196849 8196 1443957691 12062
516 -0.053340267390012741 -0.38306275010108948 1.4434235095977783 127 129 118 0 342196849 8341 1443957691 12109
517 0.14851941168308258 5.0599122914718464e-05 1.2951610088348389 173 64 85 0 342196849 9468 1443957691 12148
518 0.17625829577445984 -0.27319613099098206 1.5613546371459961 143 131 109 0 342196849 11052 1443957691 12217
519 -0.16065254807472229 -0.2239261269569397 1.4048881530761719 72 64 45 0 342196849 7665 1443957691 12828
520 -0.15619507431983948 0.2962573766708374 1.0804778337478638 165 67 90 0 342196849 6862 1443957691 13401
521 0.03483964130282402 0.17950089275836945 1.1847240924835205 192 223 228 0 342196849 6183 1443957691 13484
522 -0.12301157414913177 -0.24732504785060883 1.4227975606918335 173 162 134 0 342196849 10591 1443957691 13510
523 -0.266196608543396 -0.26548126339912415 1.3908785581588745 122 110 88 0 342196849 8844 1443957691 13691
524 0.099694758653640747 0.079206123948097229 1.2274034023284912 204 233 251 0 342196849 7058 1443957691 14476
525 -0.1638830304145813 0.33300590515136719 1.0663639307022095 157 60 77 0 342196849 9280 1443957691 14507
526 0.088716313242912292 0.17223086953163147 1.1997015476226807 195 223 234 0 342196849 11134 1443957691 15444
527 -0.25732943415641785 0.31675666570663452 1.0393373966217041 171 78 99 0 342196849 10178 1443957691 15511
