# 3D point list with one line of data per point:
#   POINT3D_ID, X, Y, Z, R, G, B, ERROR, TRACK[] as (IMAGE_ID, POINT2D_IDX)
# Number of points: 93, mean track length: 0
0 0.894323 0.527384 0.735724 33 23 21 0 342196849 335 874908085 323
1 1.2285 0.266307 0.650846 40 36 27 0 342196849 334 874908085 605
2 1.59034 0.687535 0.773871 18 16 17 0 342196849 634 874908085 959
3 1.63668 0.722394 0.784296 104 99 95 0 342196849 660 874908085 1112
4 1.6983 0.695986 0.778456 10 11 6 0 342196849 883 874908085 1245
5 0.901125 0.500902 0.729938 42 27 20 0 342196849 862 874908085 994
6 1.58565 0.67566 0.77056 70 70 70 0 342196849 699 874908085 1055
7 1.66576 0.695763 0.779546 81 81 81 0 342196849 2021 874908085 4480
8 1.63795 0.670415 0.772308 107 106 112 0 342196849 2573 874908085 2792
9 1.70965 0.700078 0.780724 18 18 18 0 342196849 3024 874908085 4397
10 1.25563 0.372489 0.677263 47 73 70 0 342196849 8541 874908085 8427
11 0.912681 0.53458 0.736624 29 19 17 0 342196849 34 874908085 33
12 0.644737 1.06655 0.912862 33 20 14 0 342196849 68 874908085 54
13 1.2573 0.317475 0.664611 1 1 1 0 342196849 44 874908085 61
14 0.954443 0.679979 0.772252 149 140 133 0 342196849 93 874908085 122
15 1.18468 1.03926 0.870215 27 17 15 0 342196849 171 874908085 257
16 0.693658 1.12762 0.934383 24 14 12 0 342196849 204 874908085 266
17 0.885263 0.614982 0.754747 137 128 119 0 342196849 573 874908085 315
18 0.96405 0.694753 0.775634 166 157 148 0 342196849 277 874908085 335
19 1.11356 0.840718 0.815818 187 176 148 0 342196849 216 874908085 340
20 1.67895 0.723402 0.780778 94 94 94 0 342196849 707 874908085 359
21 1.66396 0.666468 0.771138 94 88 90 0 342196849 390 874908085 538
22 0.945322 0.864767 0.810969 38 28 26 0 342196849 608 874908085 650
23 1.64101 0.668257 0.772585 108 107 112 0 342196849 490 874908085 664
24 0.891612 0.506964 0.731274 77 60 50 0 342196849 832 874908085 821
25 0.655206 1.1304 0.928846 41 9 10 0 342196849 1114 874908085 859
26 2.03732 1.46755 0.949147 9 9 17 0 342196849 496 874908085 890
27 1.26478 0.607965 0.729856 38 69 53 0 342196849 1308 874908085 1054
28 0.967894 0.700803 0.777131 185 175 173 0 342196849 1079 874908085 1058
29 1.64084 0.70372 0.780041 68 68 68 0 342196849 650 874908085 1084
30 1.69496 0.670209 0.773499 117 112 108 0 342196849 775 874908085 1116
31 1.61776 0.696018 0.777894 12 12 12 0 342196849 694 874908085 1129
32 0.74462 1.14448 0.940522 63 30 25 0 342196849 2977 874908085 1147
33 1.00107 0.72845 0.783868 44 35 30 0 342196849 472 874908085 1193
34 0.948574 0.680061 0.770421 168 159 152 0 342196849 2088 874908085 1233
35 1.53502 0.626544 0.755658 65 65 65 0 342196849 772 874908085 1510
36 1.65426 0.695513 0.778482 112 112 114 0 342196849 1209 874908085 1629
37 -1.34321 13.2656 5.94723 162 64 87 0 342196849 1426 874908085 1657
38 1.13205 0.965501 0.849523 69 54 49 0 342196849 1319 874908085 1739
39 -0.163906 9.73343 4.446 169 71 94 0 342196849 1888 874908085 2025
40 0.397064 2.64227 1.63923 182 79 98 0 342196849 2787 874908085 2053
41 0.506328 0.925878 0.874698 87 74 57 0 342196849 2426 874908085 2094
42 0.533507 0.777635 0.844792 25 15 13 0 342196849 1655 874908085 2162
43 0.921976 0.878173 0.815064 69 54 49 0 342196849 1986 874908085 2163
44 1.64685 0.696785 0.778306 7 7 9 0 342196849 1764 874908085 2198
45 1.23899 0.321147 0.66392 109 105 96 0 342196849 3659 874908085 2205
46 1.17971 0.983512 0.856641 102 92 90 0 342196849 3672 874908085 2329
47 1.25901 0.53374 0.712663 132 155 145 0 342196849 3229 874908085 2895
48 1.66918 0.710863 0.783352 80 80 80 0 342196849 1819 874908085 3238
49 1.25841 0.375524 0.677844 92 127 121 0 342196849 6730 874908085 3299
50 0.91106 0.640869 0.760451 20 12 10 0 342196849 1754 874908085 3422
51 -0.217173 10.9474 4.90628 166 69 86 0 342196849 3666 874908085 3463
52 1.67268 6.65388 3.09055 143 96 112 0 342196849 4859 874908085 3549
53 2.85356 9.0837 4.10403 94 76 90 0 342196849 3200 874908085 3636
54 0.896082 0.518745 0.734248 130 110 101 0 342196849 2166 874908085 3639
55 1.30513 0.778412 0.754109 68 59 52 0 342196849 3375 874908085 3683
56 0.671271 1.13015 0.929183 79 52 45 0 342196849 5334 874908085 3804
57 1.6946 0.687886 0.77693 21 22 16 0 342196849 4068 874908085 3867
58 1.67209 6.59945 3.0705 127 70 89 0 342196849 4451 874908085 3994
59 0.964549 0.700492 0.776938 24 14 12 0 342196849 3187 874908085 3999
60 4.34819 12.104 4.82638 132 49 67 0 342196849 2026 874908085 4022
61 1.18471 1.00037 0.861202 66 56 54 0 342196849 4251 874908085 4648
62 0.575739 7.10395 3.33175 146 61 80 0 342196849 6946 874908085 4807
63 0.627249 14.7627 6.31218 170 72 95 0 342196849 5427 874908085 4927
64 1.98785 7.54025 3.42413 123 85 98 0 342196849 4416 874908085 5241
65 2.34032 6.62155 3.18909 204 159 130 0 342196849 4205 874908085 5280
66 2.25327 6.42057 3.11688 83 50 67 0 342196849 5011 874908085 5394
67 2.18272 1.73932 1.03077 28 18 9 0 342196849 2801 874908085 5691
68 1.16123 0.950542 0.846709 67 52 47 0 342196849 6329 874908085 5854
69 1.75306 6.96255 3.21047 131 85 96 0 342196849 2479 874908085 5904
70 3.91433 6.67368 2.91358 152 49 68 0 342196849 3914 874908085 6484
71 0.622958 0.97181 0.888459 34 25 18 0 342196849 8858 874908085 6905
72 4.30234 6.34819 2.77918 139 41 64 0 342196849 4832 874908085 6987
73 0.648645 1.09602 0.921712 123 116 100 0 342196849 4756 874908085 7113
74 1.18059 0.988325 0.857914 75 65 63 0 342196849 9926 874908085 7348
75 2.25138 6.39262 3.10779 142 114 129 0 342196849 5276 874908085 7671
76 0.165655 6.53409 3.15221 175 77 100 0 342196849 5510 874908085 7895
77 0.0481896 8.39418 3.8884 153 55 78 0 342196849 10100 874908085 7980
78 0.974721 0.680188 0.772348 23 13 11 0 342196849 12526 874908085 8257
79 0.890326 0.63189 0.75878 67 57 55 0 342196849 5768 874908085 8345
80 0.174458 5.11522 2.60646 169 71 94 0 342196849 13186 874908085 8801
81 0.946979 0.603903 0.754347 27 17 15 0 342196849 7627 874908085 9481
82 1.62403 0.684348 0.774871 20 20 20 0 342196849 6300 874908085 9704
83 1.17022 0.984224 0.855093 72 62 60 0 342196849 13349 874908085 9932
84 1.24791 0.494042 0.702811 88 90 79 0 342196849 13515 874908085 10563
85 0.459241 1.17765 0.96061 150 95 98 0 342196849 8251 874908085 10660
86 1.08999 1.03984 0.874022 45 30 25 0 342196849 5526 874908085 10801
87 1.12942 1.03269 0.872637 60 50 48 0 342196849 6065 874908085 11100
88 -0.708659 11.3792 5.13888 168 70 93 0 342196849 11669 874908085 13012
89 1.20689 0.297039 0.650592 147 137 135 0 342196849 187 874908085 232
90 1.70147 0.691977 0.77791 133 135 122 0 342196849 242 874908085 508
91 1.25855 0.365487 0.675233 27 80 64 0 342196849 1394 874908085 1168
92 1.60442 0.693827 0.776078 70 71 65 0 342196849 1284 874908085 1287
