884893878 2070953594
1
sift 62
60 125
11 7
142 126
281 271
103 121
356 250
869 1315
994 605
19 17
114 119
30 32
154 144
64 65
87 105
104 91
69 92
675 568
45 43
76 93
242 226
78 98
182 197
358 461
476 270
827 730
107 106
214 223
97 108
305 299
532 470
1503 2037
246 273
638 738
788 741
236 304
1395 1353
1836 1998
584 577
1831 2606
1777 1705
635 733
1264 909
2894 4635
494 433
1592 2636
1667 1876
4506 4888
4760 3732
3493 3820
3583 5239
3815 4228
5275 5549
3877 5632
3919 5666
672 673
453 598
651 842
468 529
3133 3250
441 493
524 539
1621 1158
972195935 1052204647
1
sift 92
722 652
6850 7507
34 26
688 489
6469 6594
42 21
6238 7980
6844 7562
91 146
2150 1378
124 108
760 865
225 254
478 292
217 172
147 352
188 421
169 177
798 537
99 223
294 353
627 551
320 446
325 574
152 310
477 666
244 362
563 541
654 488
157 348
392 443
270 510
470 936
199 432
198 287
352 384
310 440
617 910
297 428
404 774
493 725
218 190
168 215
1212 622
479 611
578 476
1444 941
730 505
607 645
574 496
834 643
439 459
623 951
464 670
2342 1961
370 475
209 351
859 931
535 604
1337 1260
448 329
221 289
5979 6854
870 1188
367 271
1906 1634
943 1168
591 833
488 1097
544 820
1672 1152
1466 1195
1256 1570
749 1419
2055 1811
898 1990
8521 9216
1103 921
1169 1131
3157 4725
2604 3184
644 535
1892 1232
1512 1312
573 482
1081 689
1540 1387
1733 1467
1861 1369
1051 818
2434 2821
3258 5443
1615281861 1990420800
1
sift 6337
116 116
0 0
12 12
57 57
3 3
1 1
1121 1121
8 8
2 2
741 741
10 10
5 6
1794 1794
19 19
30 30
1801 1801
15 15
9 9
2019 2019
22 22
25 25
2488 2488
28 28
7 7
2787 2787
35 35
445 445
2460 2460
163 163
151 151
2347 2347
88 88
11 11
1424 1424
90 90
183 183
2329 2329
53 53
21 21
4930 4930
36 36
17 18
2322 2322
122 122
20 20
2433 2433
63 63
931 931
3709 3709
61 61
99 99
5325 5325
103 103
4 4
2374 2374
82 82
14 14
2598 2598
1068 1068
33 33
1204 1204
128 128
37 37
3043 3043
1752 1752
94 95
2996 2996
792 792
1828 1828
1925 1925
209 209
353 353
2866 2866
67 67
166 167
2663 2663
193 193
38 40
2810 2810
819 819
16 16
2052 2052
195 195
54 54
2472 2472
972 972
26 26
2885 2885
234 234
56 56
2963 2963
358 358
34 34
2649 2649
87 87
1790 1790
2313 2313
597 597
27 27
2143 2143
2120 2120
272 272
3326 3326
655 655
127 127
4023 4023
370 370
124 124
2763 2763
97 98
206 206
5368 5368
330 330
46 46
2721 2721
2568 2568
1932 1932
2492 2492
2976 2976
43 43
2442 2442
349 349
1563 1563
3548 3548
396 396
1641 1641
1901 1901
1170 1170
114 114
2727 2727
120 120
70 70
2428 2428
226 226
118 118
2667 2667
1178 1178
101 101
2062 2062
2416 2416
81 81
1169 1169
2103 2103
23 24
3352 3352
806 806
2017 2017
3670 3670
190 190
50 50
3612 3612
723 723
86 86
2938 2938
4643 4643
91 91
2770 2770
409 409
47 47
3155 3155
1817 1817
49 49
3247 3247
2555 2555
1613 1613
2033 2033
564 564
1508 1508
3342 3342
3128 3128
29 29
3167 3167
133 134
51 51
2909 2909
1841 1841
2258 2258
2730 2730
2543 2543
889 889
3090 3090
395 395
495 495
3395 3396
1128 1128
1166 1166
2440 2440
978 978
65 65
3246 3246
2395 2395
48 48
4172 4172
1051 1051
1871 1871
3333 3333
1106 1106
45 45
4257 4257
635 635
102 102
3320 3320
2039 2039
2132 2132
4248 4248
904 904
187 187
3180 3181
939 939
1625 1625
3698 3698
2138 2138
213 213
3944 3944
3478 3478
646 646
3379 3379
1153 1153
727 727
3413 3413
1059 1059
1918 1918
3630 3631
2854 2854
812 812
4374 4374
2924 2924
111 111
2983 2984
752 752
243 244
3039 3039
2309 2309
62 62
3404 3404
2681 2681
228 228
3887 3887
6985 6985
41 41
2783 2783
2578 2578
117 117
5374 5374
2907 2907
75 75
3592 3592
715 715
1895 1895
2979 2979
3270 3270
60 60
3229 3229
2834 2834
42 42
2985 2985
3159 3159
890 890
3627 3627
824 824
96 96
4211 4211
329 329
1607 1607
3902 3902
4173 4173
66 66
3914 3914
3452 3452
64 64
1536 1536
3884 3884
125 125
3378 3378
3023 3023
129 129
3506 3506
2654 2654
1906 1906
1300 1300
2303 2303
706 706
4474 4474
1573 1573
3291 3291
4180 4180
376 376
204 204
3797 3797
364 364
59 59
3243 3243
499 499
2178 2178
3313 3313
1589 1589
52 52
4757 4757
3750 3750
182 182
3304 3304
3209 3209
229 229
3013 3013
3306 3306
372 372
5590 5590
3269 3269
1803 1803
2653 2653
1186 1186
31 31
3520 3520
3044 3044
173 173
3728 3728
4275 4275
32 32
3088 3088
380 380
3226 3226
3466 3466
289 289
2384 2384
3643 3643
4049 4050
1380 1380
4446 4446
351 351
106 106
3422 3422
4822 4823
198 198
3459 3459
3021 3021
613 613
3824 3824
2403 2403
1879 1879
3103 3103
3539 3539
2209 2209
4012 4012
3187 3187
89 89
3931 3931
2377 2377
170 170
3556 3556
5360 5360
1254 1254
3420 3420
3696 3696
1413 1413
3448 3448
3566 3566
2559 2559
4529 4529
399 399
93 93
3408 3408
3382 3382
969 969
4213 4213
3389 3390
84 84
3813 3813
1933 1933
2601 2601
3605 3605
3040 3040
2235 2235
3689 3689
1788 1788
387 387
3130 3130
4488 4488
1636 1636
2921 2921
346 346
1722 1722
6086 6086
326 326
813 813
3752 3752
3945 3945
92 92
4843 4843
4835 4835
2746 2746
4105 4105
3602 3602
78 78
3635 3635
1125 1125
85 85
4451 4451
1648 1648
919 919
4160 4160
4055 4055
308 308
4618 4618
4814 4815
537 538
4244 4245
1197 1197
68 69
3442 3442
3640 3641
199 199
2904 2904
465 465
131 131
3658 3658
1764 1764
77 77
3494 3494
2548 2548
2244 2244
3666 3666
1650 1650
1567 1567
3932 3932
1098 1099
83 83
3722 3722
2589 2589
2803 2803
5160 5161
6370 6370
3782 3782
4360 4360
4140 4140
2432 2432
4187 4187
883 883
940 940
3171 3171
4114 4115
988 988
5305 5306
2399 2399
1627 1627
5220 5220
1412 1412
250 250
3601 3601
5375 5375
3398 3398
4127 4127
4236 4237
2437 2437
3894 3894
5279 5279
525 525
4441 4441
1295 1295
1762 1762
3507 3507
2065 2065
463 463
3775 3775
2210 2210
2742 2742
4818 4818
2255 2255
1974 1974
3646 3646
3939 3939
1982 1982
4317 4317
3770 3770
1942 1942
4585 4585
2060 2060
1869 1869
4467 4467
1654 1654
1875 1875
5255 5255
4316 4316
2021 2021
4546 4546
5318 5318
1463 1463
4091 4091
2513 2514
986 986
5399 5399
787 787
2133 2133
3870 3870
4148 4148
833 834
3112 3112
6319 6319
112 113
4144 4144
2751 2751
881 881
3741 3741
619 619
1847 1847
4449 4449
4270 4270
2539 2540
5266 5266
3977 3977
1484 1484
4473 4473
3877 3877
886 886
4438 4438
3771 3771
1765 1765
5119 5119
5310 5311
76 76
3496 3496
1960 1960
750 750
4956 4956
6300 6300
461 461
3731 3731
3057 3057
73 73
5553 5553
2163 2163
74 74
4339 4340
5330 5331
137 137
3742 3742
4335 4335
2114 2114
4069 4069
5216 5216
2166 2166
5142 5142
5528 5529
2427 2427
6692 6692
3909 3909
2205 2205
5994 5994
3586 3586
1758 1758
4439 4439
697 697
1660 1660
4986 4986
5447 5447
58 58
5367 5367
5604 5605
55 55
4941 4941
2584 2584
1899 1899
4847 4847
4082 4083
2069 2069
4040 4040
3488 3488
2423 2423
5003 5003
5595 5596
238 238
5454 5455
4613 4613
320 320
3412 3412
4627 4627
1324 1324
3786 3786
4631 4631
2040 2040
3954 3954
5694 5694
2391 2391
4916 4916
1127 1127
1222 1222
3704 3704
5828 5829
3055 3055
4494 4494
3777 3777
4046 4046
4452 4453
5853 5854
828 828
4598 4598
5343 5343
2528 2528
4526 4526
4780 4780
1843 1843
4280 4281
5874 5875
923 923
5432 5432
5876 5877
317 317
5398 5398
5878 5878
1180 1180
4927 4927
5884 5884
1972 1972
5425 5426
5889 5890
2231 2231
4489 4489
4800 4800
2146 2146
5526 5527
5910 5910
473 473
5323 5323
5912 5913
2330 2330
4371 4371
5914 5914
1779 1779
3417 3417
3544 3544
2917 2917
5589 5589
5461 5461
2273 2273
5087 5087
3683 3683
1138 1138
4485 4486
4844 4844
2484 2484
5513 5513
5983 5983
2164 2165
5549 5549
4368 4368
2768 2768
3715 3715
772 772
3212 3212
4182 4182
3136 3136
2280 2280
3957 3957
6371 6371
2051 2051
5617 5617
6242 6242
140 141
5469 5469
6002 6002
1017 1017
3468 3468
3780 3780
1141 1141
5346 5347
3849 3849
872 872
3656 3656
5245 5245
2467 2467
4921 4921
3575 3575
545 545
3959 3959
4274 4274
328 328
3580 3580
6287 6287
2489 2489
5576 5576
6080 6080
446 447
3984 3984
6261 6261
214 214
3574 3574
2736 2736
2234 2234
5521 5521
6107 6107
3830 3830
3784 3784
5286 5286
2809 2809
4987 4987
5006 5006
398 398
5626 5626
4849 4849
2317 2317
5637 5638
3821 3821
1728 1728
3482 3482
4421 4422
999 999
3962 3962
7078 7078
2694 2694
4600 4600
555 555
1278 1278
5662 5662
6314 6314
224 224
5543 5543
1173 1173
80 80
4609 4609
6718 6718
2953 2953
4880 4881
4266 4266
911 911
4607 4607
908 908
2686 2686
5673 5673
5299 5299
2905 2905
4623 4623
3638 3638
2340 2340
4198 4198
4493 4493
1692 1692
4625 4626
2268 2268
130 130
4898 4899
7192 7192
275 275
5522 5522
1432 1432
2874 2874
4635 4636
1174 1174
168 168
4816 4817
2699 2699
989 989
4224 4224
3926 3927
1556 1556
6673 6673
4482 4482
1900 1900
4498 4499
4979 4979
100 100
5700 5700
4019 4019
3346 3346
4644 4645
1379 1379
740 740
5710 5711
6823 6823
1102 1102
5726 5726
3611 3611
332 332
4648 4649
2719 2719
107 108
5728 5728
5093 5093
1070 1070
3983 3983
2647 2647
2359 2359
6521 6521
1553 1553
2861 2861
5741 5742
965 965
72 72
5765 5765
1855 1855
1957 1957
5667 5667
2087 2087
1470 1470
5669 5669
991 991
1720 1720
4751 4752
2895 2895
2396 2396
4777 4777
1663 1663
1953 1953
4068 4068
5887 5887
2878 2878
6050 6050
6264 6264
2232 2232
4016 4016
3170 3170
2335 2335
3597 3597
4748 4748
462 462
4798 4798
4867 4867
413 413
4007 4007
2173 2173
1865 1865
5896 5897
6570 6570
801 801
5478 5478
1639 1639
2828 2828
6361 6361
2457 2457
1830 1830
5926 5926
2696 2696
2182 2182
4819 4819
2859 2859
3384 3384
4812 4813
2849 2849
2283 2283
3888 3888
1504 1504
175 175
3823 3823
2817 2817
1357 1357
4767 4767
5520 5520
154 154
5976 5976
1624 1624
1874 1874
5979 5980
2697 2697
313 314
4022 4022
6719 6719
2545 2545
5960 5961
1623 1623
2348 2348
5974 5975
6403 6403
241 241
5419 5419
1963 1963
1699 1699
4563 4563
3982 3982
2204 2204
5997 5997
5201 5201
2711 2711
3910 3910
2272 2272
3533 3533
4027 4027
6509 6509
2882 2882
4528 4528
5212 5212
1870 1870
4862 4862
2930 2930
2901 2901
3515 3515
3874 3874
1335 1335
4910 4911
6324 6324
1705 1705
5192 5192
3133 3133
624 624
4917 4917
4354 4354
1568 1568
4836 4836
2320 2320
268 268
5349 5349
1615 1615
2279 2279
5244 5244
1271 1271
3184 3184
4164 4164
1761 1761
1969 1969
4165 4165
2415 2415
2607 2607
7123 7123
6297 6297
2346 2346
6081 6081
1858 1858
2499 2500
4966 4966
2902 2902
3334 3334
4593 4593
3191 3191
2600 2600
6082 6082
1457 1457
439 439
4455 4455
2873 2873
2394 2394
5274 5274
1054 1054
1179 1179
5486 5486
6518 6518
803 803
4977 4977
7244 7244
1281 1281
3457 3457
7267 7267
1435 1435
5120 5120
3309 3309
1269 1269
5097 5097
5540 5540
2662 2662
4504 4504
4065 4065
1881 1881
4877 4877
1210 1210
2233 2233
5102 5102
2035 2035
899 899
5488 5488
6525 6525
2095 2095
5512 5512
6984 6984
2630 2630
4347 4347
3355 3355
1907 1907
4761 4761
4383 4383
2277 2277
4150 4150
2632 2632
822 822
5130 5130
2739 2739
1926 1926
4179 4179
4965 4965
2556 2556
4753 4753
2031 2031
71 71
5149 5149
6328 6328
3213 3213
3473 3473
2764 2764
2669 2669
4538 4538
3154 3154
287 287
6926 6926
1786 1786
3098 3098
3470 3470
3403 3403
296 296
3706 3706
6523 6523
342 342
3721 3721
1469 1469
222 223
4413 4413
2886 2886
1820 1820
5534 5534
1460 1460
230 230
3969 3969
1784 1784
408 408
6364 6364
5317 5317
1133 1133
4590 4590
5312 5312
1319 1319
5600 5600
2855 2855
3182 3182
5247 5247
2700 2700
1549 1549
2830 2830
4168 4169
3107 3107
5133 5133
4943 4944
290 290
5320 5320
1227 1228
2042 2042
6595 6595
496 496
109 110
5618 5618
1485 1485
3037 3037
6108 6108
3561 3561
831 831
5352 5352
5205 5205
1245 1245
5490 5491
5998 5998
1973 1973
4539 4539
3317 3317
2541 2541
6716 6716
3669 3669
714 714
4342 4342
5369 5369
324 325
6573 6573
4398 4398
1313 1313
5188 5188
6907 6907
2000 2000
4310 4310
3095 3095
2749 2750
5928 5928
2126 2126
2264 2264
4994 4994
5646 5646
1755 1755
5456 5456
6384 6384
354 354
5116 5116
6059 6059
2104 2104
5379 5379
6063 6063
2735 2735
4949 4949
2776 2776
1016 1016
4152 4152
3120 3120
191 191
5963 5963
6889 6889
2816 2816
6879 6879
569 569
152 152
1903 1903
2227 2227
2799 2799
5406 5406
1494 1494
79 79
7020 7020
2118 2118
3002 3002
6662 6662
1985 1985
2430 2431
4993 4993
3217 3217
2239 2239
4512 4512
982 982
3042 3042
4515 4515
1804 1804
1120 1120
4292 4292
7301 7301
390 390
5084 5084
1822 1822
265 265
5129 5129
5217 5217
802 802
4556 4556
3857 3857
1997 1997
6608 6608
1734 1734
763 763
6375 6375
2664 2664
2451 2451
4860 4860
2617 2617
2349 2349
6534 6534
6592 6592
2219 2219
4313 4313
6873 6873
1576 1576
4561 4561
5176 5176
352 352
4871 4871
6997 6997
1984 1984
4028 4028
6944 6944
2099 2099
4567 4567
3489 3489
2167 2167
4571 4571
3017 3017
2102 2102
4572 4572
6952 6952
2960 2960
4903 4903
1651 1651
1860 1860
4586 4586
7270 7270
2385 2385
4603 4603
2414 2414
1480 1480
5502 5502
6971 6971
796 796
6079 6079
2225 2225
231 231
4345 4345
6839 6839
3885 3885
6307 6307
2880 2880
2665 2666
3027 3027
6950 6950
385 385
5100 5100
7262 7262
1939 1939
6098 6098
2567 2567
1581 1581
4576 4576
2266 2267
377 377
3760 3760
2202 2202
237 237
5501 5501
6288 6288
475 475
6822 6822
568 568
6780 6781
4854 4854
774 774
2814 2814
6569 6569
2651 2651
2710 2710
4330 4330
4214 4214
2256 2256
6026 6026
2324 2324
2367 2367
4412 4412
1274 1274
2487 2487
4428 4428
1831 1831
2844 2844
5487 5487
4216 4216
270 270
4465 4465
6626 6626
2343 2343
5620 5620
778 778
2093 2093
5971 5971
7011 7011
104 105
4475 4475
2623 2623
680 680
6853 6853
2889 2889
1331 1331
4466 4466
4017 4017
2144 2144
6481 6481
1148 1148
2257 2257
6411 6411
3046 3047
2001 2001
6983 6983
1936 1936
215 215
5293 5293
1736 1736
1909 1909
4380 4380
4331 4331
474 474
4379 4379
1890 1890
579 579
6222 6222
1791 1791
281 281
4403 4403
6611 6611
914 914
4501 4501
2709 2709
299 299
4579 4579
2715 2715
2332 2332
5519 5519
2387 2387
119 119
2094 2094
788 788
2585 2585
6769 6769
6965 6965
935 935
5538 5538
2792 2792
2344 2344
5336 5336
4457 4457
3020 3020
6619 6619
2944 2944
1294 1294
6294 6294
3652 3652
2390 2390
5183 5183
6378 6378
169 169
4209 4209
3273 3273
2169 2169
6623 6623
5148 5148
596 596
5095 5095
7302 7302
1994 1994
6671 6671
3649 3649
2397 2397
5326 5326
3365 3365
3282 3282
5652 5652
3711 3711
3310 3310
6331 6331
1184 1184
2757 2757
6641 6641
7145 7145
3861 3861
5966 5966
5153 5153
2292 2292
6807 6807
3734 3734
2383 2383
6528 6528
1580 1580
2863 2863
4195 4196
3633 3633
2353 2353
6743 6743
6742 6742
208 208
6503 6503
5440 5440
2196 2196
6651 6651
6330 6330
202 202
6789 6789
5861 5861
2958 2958
6667 6667
3377 3377
1872 1872
6798 6798
6633 6633
1696 1696
5705 5705
4341 4341
2304 2304
5593 5593
6684 6684
2774 2774
3165 3165
1540 1540
2967 2967
4507 4507
2218 2218
1266 1266
5865 5865
5273 5273
307 307
3325 3325
5955 5955
2475 2475
5537 5537
1201 1201
5338 5338
6337 6337
2331 2331
2224 2224
2251 2251
6338 6338
2934 2934
5270 5270
2724 2724
2150 2150
6018 6018
4100 4100
2942 2942
6714 6714
4268 4268
1878 1878
5439 5439
1406 1406
2552 2552
6027 6027
2456 2456
2769 2769
6564 6564
6028 6028
1415 1415
5395 5395
1802 1802
2356 2356
5499 5499
1544 1544
631 631
2503 2503
4891 4891
2288 2288
6676 6676
4004 4004
2413 2413
6197 6197
2888 2888
2793 2793
5009 5009
1894 1894
2796 2796
6038 6038
2788 2788
3089 3089
6372 6372
927 927
2599 2599
6463 6463
6433 6433
189 189
6377 6377
7171 7171
6860 6860
5177 5177
2619 2619
181 181
6363 6363
3955 3955
1986 1986
6346 6347
3137 3137
165 165
6504 6504
3085 3085
521 521
5430 5430
5623 5623
242 242
6890 6890
5303 5303
263 263
4332 4332
6486 6486
2124 2124
6901 6901
3841 3841
2858 2858
7001 7001
2376 2376
2445 2445
5237 5237
7094 7094
884 884
6245 6245
5610 5610
2478 2478
5423 5423
6664 6664
2074 2074
6102 6102
3538 3538
1681 1682
5431 5431
1203 1203
2529 2529
5420 5420
4928 4928
2823 2823
5433 5433
4431 4431
583 584
6502 6502
7010 7010
2744 2744
5438 5438
416 417
375 375
6258 6258
7293 7293
254 254
6260 6260
3127 3127
1838 1838
6093 6093
1962 1962
180 180
3971 3971
4353 4353
2520 2520
6431 6431
1115 1115
2265 2265
5171 5171
7142 7142
2523 2523
6536 6536
1848 1848
3407 3407
5935 5935
6241 6241
491 491
6913 6913
6990 6990
143 144
6426 6426
6787 6787
2860 2860
6817 6817
1112 1112
135 135
6278 6278
4285 4285
2643 2643
5462 5462
3477 3477
2119 2119
4830 4830
2937 2937
136 136
6283 6283
6825 6825
3440 3440
6410 6410
1421 1421
2640 2640
4450 4450
5985 5985
2308 2308
5552 5552
979 979
2759 2759
6211 6211
2582 2582
1471 1472
4039 4039
1704 1704
2502 2502
3690 3690
2276 2276
6957 6958
6322 6322
3497 3497
2922 2922
6705 6705
976 976
278 278
6318 6318
5335 5335
2465 2465
6043 6043
1034 1034
839 839
4900 4900
6560 6560
3050 3050
6810 6810
1431 1431
2877 2877
4885 4885
6772 6772
2360 2360
5495 5495
6483 6483
2245 2245
4423 4423
5479 5479
2824 2824
6976 6976
3607 3607
2550 2550
6855 6855
6252 6252
2610 2610
6596 6596
6270 6270
2299 2299
4893 4893
6473 6473
531 531
6323 6323
1423 1423
211 211
7007 7007
1349 1349
147 147
4951 4951
4513 4513
3104 3104
5099 5099
1087 1087
138 139
5891 5891
6407 6408
2650 2650
3767 3767
1590 1590
4278 4278
6982 6982
1515 1515
3647 3647
1598 1599
1513 1513
171 172
6500 6500
1990 1991
132 132
6236 6236
2689 2689
952 952
4934 4934
5579 5579
955 955
4999 4999
6335 6335
929 929
5000 5000
1988 1988
1735 1735
5001 5001
6386 6386
2429 2429
5002 5002
7107 7107
1813 1814
5011 5011
956 956
2326 2326
5013 5013
1690 1690
2933 2933
5017 5017
1691 1691
2542 2542
5155 5155
7096 7096
2887 2887
5040 5040
2897 2897
2181 2181
6455 6455
4038 4038
633 633
5206 5206
1165 1165
2410 2410
6396 6396
6550 6550
2871 2871
6478 6478
1586 1586
576 576
2047 2047
7012 7012
2597 2597
4252 4252
1845 1845
2281 2281
4863 4863
3312 3312
2426 2426
5194 5194
5290 5290
507 507
6439 6439
6961 6961
679 679
6304 6304
1979 1979
2252 2252
6960 6960
4424 4424
2109 2109
6424 6424
6182 6182
2579 2579
6905 6905
6350 6350
2333 2333
6382 6382
7195 7195
1029 1029
5337 5337
1372 1372
1351 1351
6881 6881
1071 1071
2947 2947
6510 6510
6785 6785
2389 2389
7130 7130
6538 6538
3480 3480
6854 6854
2180 2180
585 585
7038 7038
3124 3124
3238 3238
7208 7208
3943 3943
2805 2805
7040 7040
1095 1095
343 343
6730 6730
2398 2398
1688 1688
7037 7037
1861 1861
2498 2498
6805 6805
2336 2337
6910 6910
5359 5359
6723 6723
2463 2463
6835 6835
5531 5531
1439 1439
5292 5292
2310 2310
2784 2784
6420 6420
6962 6962
2494 2494
6800 6800
1958 1958
369 369
6460 6460
7127 7127
2496 2496
6348 6348
1724 1724
115 115
5186 5186
2307 2307
2658 2658
6851 6851
2386 2386
149 149
4865 4865
1885 1885
2236 2236
7274 7274
1714 1714
150 150
6749 6749
2312 2312
2626 2626
6936 6936
1716 1716
3143 3143
6240 6240
1949 1949
3323 3323
6884 6884
1712 1712
2419 2419
6101 6101
6253 6253
411 411
5571 5571
2015 2015
2435 2435
6925 6925
6696 6696
4284 4284
7027 7027
4302 4302
7063 7063
5982 5982
1303 1303
1555 1555
7143 7143
2997 2997
2708 2708
6256 6256
2760 2760
2614 2614
6686 6686
1952 1952
3259 3259
6301 6301
1111 1111
2373 2373
7059 7059
1617 1617
2720 2720
6367 6367
6394 6394
3186 3186
4975 4975
6669 6669
2424 2424
6726 6726
2282 2282
1622 1622
6765 6765
1934 1934
887 887
7101 7101
4912 4912
2862 2862
3292 3292
4370 4370
527 527
6621 6621
2843 2843
2306 2306
3192 3192
3948 3948
2977 2977
7089 7089
7306 7306
2925 2925
4555 4555
5388 5388
2641 2641
6609 6609
6948 6948
1090 1090
6801 6802
6949 6949
3677 3677
7084 7084
3557 3557
2690 2690
6454 6454
6887 6887
2462 2462
6381 6381
6106 6106
2659 2659
6703 6703
1677 1677
2572 2572
6353 6353
2837 2837
958 958
6559 6559
4191 4191
3035 3035
6762 6762
6482 6482
2680 2680
6544 6544
6975 6975
2876 2876
6951 6951
2023 2023
3614 3614
6766 6766
6916 6916
2655 2655
2168 2168
6640 6640
126 126
6582 6582
6882 6882
212 212
2672 2672
6661 6661
2536 2536
2080 2080
6603 6603
2412 2412
6458 6458
1118 1119
3272 3272
5624 5624
3438 3438
2345 2345
4145 4145
5126 5126
2301 2301
6007 6008
1635 1635
3528 3528
6708 6708
2811 2811
2918 2918
6659 6659
2606 2606
1760 1760
2064 2064
2512 2512
2059 2059
6529 6529
5283 5283
161 161
6480 6480
2290 2290
760 760
2381 2381
2401 2401
2986 2986
2043 2043
2722 2722
258 258
3504 3504
2726 2726
4036 4036
7237 7237
6554 6554
3603 3603
3598 3598
3498 3498
2972 2972
6842 6842
6878 6878
2565 2565
6799 6799
1694 1694
1079 1079
6777 6777
6816 6816
1355 1356
3639 3639
7044 7044
2243 2243
6647 6647
2992 2992
3336 3336
6648 6648
2247 2247
2754 2754
6656 6656
3994 3994
2018 2018
7161 7161
2656 2656
3139 3139
6466 6466
6858 6858
210 210
2048 2048
1596 1596
2027 2027
6443 6443
7191 7191
3599 3599
2931 2931
1565 1565
1082 1082
6771 6771
1541 1541
2852 2852
7289 7289
5170 5170
4289 4289
6566 6566
1333 1333
3173 3173
3198 3198
7042 7042
2127 2127
2621 2621
1824 1824
2642 2642
7023 7023
4060 4060
2691 2691
4045 4045
1231 1231
3126 3126
6259 6259
4915 4915
1731 1731
6688 6688
2461 2461
2929 2929
6663 6663
2717 2718
197 197
7114 7114
2537 2537
2526 2526
6532 6532
5558 5558
1396 1396
7140 7140
5156 5156
142 142
7214 7214
2055 2055
2755 2755
6070 6070
2417 2417
3083 3083
3595 3595
1320 1320
3135 3135
2713 2713
3069 3069
3338 3338
7128 7128
2530 2530
227 227
6389 6389
7136 7136
1908 1908
6808 6808
2222 2222
3451 3451
3773 3773
3056 3056
2974 2974
3205 3206
6438 6438
2731 2731
6632 6632
7298 7298
3383 3383
3618 3618
7234 7234
3472 3472
6636 6636
7117 7117
3471 3471
7122 7122
1676 1676
178 178
6637 6637
2199 2199
188 188
6575 6575
1686 1686
3252 3253
2038 2038
2648 2648
3129 3129
6721 6721
1451 1451
1400 1400
7118 7118
2946 2946
5085 5085
7028 7028
1414 1414
1001 1001
7149 7149
1388 1388
2853 2853
3300 3300
2629 2629
7049 7049
3053 3053
4318 4319
3138 3138
3651 3651
1711 1711
6448 6448
2777 2777
7271 7271
1633 1633
6537 6537
541 541
2806 2806
3276 3276
7223 7223
5264 5264
7281 7281
3156 3156
7162 7162
2688 2688
7283 7284
2485 2485
3465 3465
3086 3086
7285 7286
3437 3437
6776 6776
1547 1547
7071 7071
2575 2575
7175 7175
3692 3692
7303 7303
3593 3593
2864 2864
3202 3202
7019 7019
2509 2509
7218 7218
3000 3000
7086 7086
2217 2217
6275 6275
3014 3014
4158 4158
2761 2761
7250 7250
2766 2766
6293 6293
2375 2375
7300 7300
373 374
7248 7248
3364 3364
5113 5113
1887 1887
7137 7137
3125 3125
2674 2674
205 205
3529 3529
3001 3001
3764 3764
2941 2941
1158 1158
3827 3827
3077 3077
3987 3987
3010 3010
184 184
185 185
2786 2786
2596 2596
3006 3006
2994 2994
253 253
2702 2702
5340 5340
2829 2829
2506 2506
2633 2633
4088 4088
1840 1840
4229 4229
174 174
2832 2832
2920 2920
2795 2795
3916 3916
782 782
4089 4089
3302 3302
702 702
2471 2471
581 581
322 322
6979 6979
3132 3132
3414 3414
1766 1766
3409 3409
3380 3380
2808 2808
2560 2560
3998 3998
684 684
2988 2988
2892 2892
145 145
3766 3766
5191 5191
3551 3551
3818 3818
2067 2067
3115 3115
2602 2602
388 388
2734 2734
3433 3433
2807 2807
186 186
2845 2845
2745 2745
2851 2851
3290 3290
3015 3015
3033 3033
2884 2884
2839 2839
3172 3172
2971 2971
2716 2716
2911 2912
4025 4025
1753 1753
3190 3190
3502 3502
4373 4373
1243 1243
2943 2943
2581 2581
4795 4795
4375 4375
4850 4850
3402 3402
4565 4565
3447 3447
2857 2857
4299 4299
3028 3028
3524 3525
1619 1619
3840 3840
3204 3204
2950 2951
3018 3018
2591 2592
3545 3545
769 769
2856 2856
4079 4079
2831 2831
3559 3559
3562 3563
2698 2698
1050 1050
2813 2813
3571 3571
2903 2903
3569 3570
2968 2969
2869 2869
3092 3092
2954 2954
3514 3514
5128 5128
2957 2957
2661 2661
2966 2966
3555 3555
3255 3255
4231 4231
3242 3242
4054 4054
248 248
4009 4009
3203 3203
249 249
3684 3684
2676 2676
3608 3609
414 414
2927 2927
3146 3147
3878 3878
2682 2682
216 216
3087 3087
3109 3109
3500 3501
267 267
3553 3553
688 688
2987 2987
404 404
472 472
3842 3842
3016 3016
2955 2955
2354 2354
4290 4290
3467 3467
2612 2612
345 345
3714 3714
3675 3675
3199 3199
3543 3543
2893 2893
3022 3022
3152 3152
3532 3532
3565 3565
3271 3271
3193 3193
3062 3062
2350 2350
156 157
3941 3941
3838 3839
3594 3594
3258 3258
162 162
3479 3479
2959 2959
3142 3142
832 832
4946 4946
282 282
3151 3151
240 240
2518 2518
3093 3093
4562 4562
3141 3141
3419 3419
1172 1172
3228 3228
3967 3967
2914 2914
2287 2287
3746 3746
3655 3655
4594 4594
2625 2625
2815 2815
1740 1740
3410 3410
3933 3933
2208 2208
3541 3541
1741 1741
2833 2833
4175 4175
3218 3218
3220 3220
3219 3219
3221 3221
3368 3368
297 297
2418 2418
4953 4953
3160 3160
3907 3908
4170 4170
2321 2321
397 397
4323 4323
3558 3558
3111 3111
2044 2044
2636 2636
3241 3241
2765 2765
1884 1884
327 327
2900 2900
153 153
4011 4011
2865 2865
3070 3070
863 863
4395 4395
1078 1078
3956 3956
232 232
1781 1781
3733 3733
3935 3936
3024 3024
247 247
553 553
3266 3266
3260 3260
3261 3261
3788 3788
3076 3076
3223 3223
503 503
2989 2989
453 453
627 627
3321 3321
3329 3329
3662 3662
3743 3744
4827 4827
3054 3054
3749 3749
2868 2868
255 256
4085 4085
3174 3174
3674 3674
3554 3554
407 407
3369 3369
3487 3487
2441 2441
3038 3038
3210 3210
580 580
3568 3568
3573 3573
4495 4495
2704 2704
344 344
4350 4350
2192 2192
1857 1857
717 717
3876 3876
3847 3847
2604 2604
2570 2570
3537 3537
3425 3426
4051 4051
4462 4462
2652 2652
3567 3567
4808 4808
3322 3322
3296 3296
3577 3577
3239 3239
3995 3996
3732 3732
3450 3450
3519 3519
3041 3041
1836 1836
3921 3921
3600 3600
3249 3249
3319 3319
4913 4913
3391 3391
2352 2352
2425 2425
155 155
2840 2840
2819 2819
1683 1683
3811 3811
3882 3882
4480 4480
5147 5147
3858 3860
1092 1092
3262 3262
3892 3893
5476 5476
3387 3387
3036 3036
3867 3868
3896 3897
3405 3405
3871 3872
3371 3371
1821 1821
3108 3108
3332 3332
3283 3283
1959 1959
4143 4143
3809 3809
5089 5089
3277 3278
4304 4305
3463 3463
4487 4487
793 793
4322 4322
3739 3739
3621 3621
3966 3966
3922 3922
2732 2732
2899 2899
3285 3285
2695 2695
3772 3772
3617 3617
4377 4377
629 629
3928 3928
3751 3751
4324 4324
3891 3891
5181 5181
5184 5184
2999 2999
3256 3256
1616 1616
3942 3942
203 203
3367 3367
4525 4525
2005 2005
3505 3505
825 825
3694 3694
4988 4988
259 259
2558 2558
4484 4484
2469 2469
4314 4314
4225 4225
2573 2573
4315 4315
4550 4550
3940 3940
3439 3439
4031 4031
3449 3449
4760 4760
3315 3315
4366 4366
3625 3625
3381 3381
4558 4558
2296 2296
3196 3196
192 192
2284 2284
3667 3667
4435 4435
595 595
1334 1334
2850 2850
3034 3034
3648 3648
3591 3591
3654 3654
257 257
443 444
3756 3756
1047 1047
2798 2798
3071 3071
3495 3495
3492 3492
2748 2748
4043 4043
3803 3803
3284 3284
3194 3194
4418 4418
3307 3307
3339 3339
3082 3082
4073 4073
3207 3208
3522 3522
3990 3990
339 339
4002 4002
3067 3067
3268 3268
4811 4811
3469 3469
4399 4399
4271 4271
1789 1789
3686 3686
3615 3616
6250 6250
3629 3629
3582 3582
2975 2975
4442 4442
1097 1097
4057 4057
4076 4076
4306 4306
3032 3032
3254 3254
2879 2879
4597 4597
3672 3672
3542 3542
3613 3613
4573 4573
3619 3619
3513 3513
2580 2580
3680 3680
6734 6734
4309 4309
2762 2762
3517 3517
3427 3427
4070 4070
905 905
4889 4889
642 642
4329 4329
4044 4044
3178 3178
2289 2289
3225 3225
558 558
2195 2195
5560 5560
3673 3673
3392 3392
480 480
4416 4416
4185 4185
3899 3899
2970 2970
3297 3298
508 508
4326 4326
315 315
4334 4334
5138 5138
3351 3351
4327 4327
2827 2827
4604 4604
3724 3724
791 791
4544 4544
4411 4411
4828 4828
3729 3729
6397 6397
3344 3344
3757 3757
3738 3738
3308 3308
6895 6895
3373 3373
1646 1646
4566 4566
4437 4437
3637 3637
3303 3303
1992 1992
3257 3257
4250 4250
4372 4372
2269 2269
4530 4530
3305 3305
3791 3791
3589 3589
4291 4291
4254 4254
3676 3676
401 401
2936 2936
4432 4432
3460 3460
2497 2497
2781 2781
5332 5332
4221 4221
3335 3335
3881 3881
5291 5291
4207 4207
4599 4599
159 159
1914 1914
2779 2779
1000 1000
4587 4587
434 436
357 357
3624 3624
3759 3759
3145 3145
3518 3518
738 738
3491 3491
3645 3645
4972 4972
4425 4425
4300 4300
3166 3166
2906 2906
3665 3665
7170 7170
575 575
3227 3227
179 179
3288 3288
3890 3890
4564 4564
4960 4960
3411 3411
5112 5112
3432 3432
4940 4940
3747 3747
2767 2767
4536 4536
3324 3324
3233 3233
3140 3140
3445 3445
3235 3235
2190 2190
207 207
6023 6023
4892 4892
2991 2991
1230 1230
418 418
4947 4947
530 530
6435 6435
2775 2775
594 594
260 260
300 300
350 350
3970 3970
4393 4393
3106 3106
1259 1259
4201 4201
4868 4869
4246 4246
3754 3754
6227 6227
526 526
2242 2242
4008 4008
3176 3177
200 201
6794 6794
1441 1441
5248 5248
5319 5319
225 225
392 392
4006 4006
3853 3853
196 196
4352 4352
3281 3281
4577 4577
4584 4584
3623 3623
3446 3446
1956 1956
482 482
2105 2105
221 221
3833 3833
3725 3725
4794 4794
4914 4914
4463 4463
5289 5289
3873 3873
3428 3428
298 298
4848 4848
4018 4018
2075 2075
4194 4194
3700 3701
4197 4197
5108 5108
5077 5077
2371 2371
6690 6690
2370 2370
3361 3361
3851 3851
3778 3778
3399 3399
2846 2846
2935 2935
726 726
3486 3486
3231 3231
3973 3973
5117 5117
2583 2583
3385 3385
262 262
4580 4580
285 286
4845 4845
3295 3295
4269 4269
571 571
3584 3584
582 582
235 235
3685 3685
1368 1368
4215 4215
686 686
458 458
820 820
789 789
4971 4971
577 578
3370 3370
4279 4279
3097 3097
3781 3781
1757 1757
4772 4772
4945 4945
4391 4391
4333 4333
3705 3705
1941 1941
733 733
5587 5587
6205 6205
2791 2791
4448 4448
2875 2875
2982 2982
1012 1012
1134 1134
1812 1812
4996 4996
4510 4510
1634 1634
621 621
3293 3293
3099 3099
283 283
805 805
383 383
4890 4890
2818 2818
3693 3693
1572 1572
3461 3461
891 891
941 941
2072 2072
4969 4969
666 666
269 269
4034 4035
422 424
6067 6067
3509 3509
4041 4042
4086 4086
3737 3737
4932 4932
2438 2438
5174 5174
1947 1947
5178 5178
2836 2836
1306 1306
4936 4936
654 654
7168 7168
303 303
2058 2058
6358 6358
4212 4212
3431 3431
3436 3436
331 331
4063 4063
3144 3144
3481 3481
3521 3521
4071 4071
4521 4521
2965 2965
4909 4909
3716 3716
5370 5370
3353 3353
3536 3536
3424 3424
2964 2964
4053 4053
1454 1454
5208 5209
3999 3999
5207 5207
2159 2159
5210 5210
2447 2447
3636 3636
2024 2024
5213 5213
4551 4551
5195 5195
3185 3185
3526 3526
4101 4102
3758 3758
593 593
4103 4103
4024 4024
3358 3358
4106 4106
4108 4109
3530 3531
5224 5225
5226 5226
4110 4110
5228 5229
4112 4113
271 271
4116 4117
4120 4121
4118 4119
4122 4123
4001 4001
4124 4124
5232 5232
5234 5235
4129 4130
4131 4131
5238 5239
4133 4133
4136 4136
419 420
4138 4138
6266 6266
3820 3820
4162 4162
3846 3846
3512 3512
4156 4157
3119 3119
5262 5263
5435 5435
610 610
3386 3386
3622 3622
3695 3695
3406 3406
5090 5090
1418 1418
5268 5269
5410 5410
3799 3799
5271 5272
953 953
1417 1417
5314 5314
455 455
3527 3527
5277 5277
4837 4837
4414 4414
3864 3864
3628 3628
5614 5614
6336 6336
4189 4189
6313 6313
381 381
264 264
405 405
4630 4630
7000 7000
6461 6461
614 614
3920 3920
5602 5602
4074 4074
4980 4980
4602 4602
5557 5557
3316 3316
4878 4878
5265 5265
3052 3052
753 753
659 659
4376 4376
5298 5298
670 670
4461 4461
4343 4344
309 309
6391 6391
3826 3826
4048 4048
1618 1618
3980 3980
5092 5092
393 394
3232 3232
3275 3275
3585 3585
5016 5016
3356 3356
947 947
500 500
5471 5471
410 410
5123 5123
902 902
5485 5485
630 630
4456 4456
6452 6452
4409 4409
1072 1073
5965 5965
6515 6515
4301 4301
5315 5315
3078 3078
5450 5450
1163 1163
261 261
304 304
4098 4098
3798 3798
1453 1453
5594 5594
1726 1726
2037 2037
3523 3523
3100 3100
4238 4238
3150 3150
589 589
5362 5362
4939 4939
591 591
1116 1116
2223 2223
2926 2926
1084 1084
4855 4855
786 786
5165 5165
2510 2510
2076 2076
5107 5107
1685 1685
4243 4243
5146 5146
520 520
3905 3905
3564 3564
4356 4356
391 391
6209 6209
5489 5489
217 218
5396 5397
3660 3661
5384 5385
5334 5334
4527 4527
724 724
4087 4087
3508 3508
5389 5390
906 906
2007 2007
3011 3011
4978 4978
5168 5168
5393 5393
4163 4163
3828 3828
4227 4227
312 312
7121 7121
429 429
6011 6011
4208 4208
3008 3008
5333 5333
5964 5964
1846 1846
5345 5345
4514 4514
5257 5257
5415 5415
3588 3588
4931 4931
559 559
4364 4365
294 294
3769 3769
739 739
3264 3264
6004 6004
1910 1910
5218 5218
4404 4404
3822 3822
3691 3691
885 885
1025 1025
3294 3294
522 522
5516 5516
6479 6479
1827 1827
3855 3855
3360 3360
3443 3443
4779 4779
6616 6616
4311 4311
4321 4321
2609 2609
5414 5414
869 869
867 867
4846 4846
245 246
4389 4390
4405 4405
4178 4178
6541 6541
6254 6254
768 768
4338 4338
6310 6310
3345 3345
3650 3650
4904 4904
4293 4293
5309 5309
5443 5444
5427 5427
3854 3854
5536 5536
4443 4443
6219 6219
2707 2707
6496 6496
2123 2123
4387 4387
2444 2444
5322 5322
6269 6269
866 866
4884 4884
6499 6499
4166 4166
3768 3768
3837 3837
1337 1337
293 293
1076 1076
4810 4810
533 534
4415 4415
3429 3429
6226 6226
239 239
5545 5545
3189 3189
4754 4754
6655 6655
5348 5348
4267 4267
5900 5900
3953 3953
4171 4171
5990 5990
4200 4200
5441 5442
4454 4454
3875 3875
4469 4470
430 430
643 643
2566 2566
6110 6110
2973 2973
4222 4222
3483 3483
5601 5601
5503 5503
1604 1604
5137 5137
5190 5190
1834 1834
3985 3985
448 448
4876 4876
1669 1669
3490 3490
6053 6053
6087 6087
4410 4410
4522 4522
745 745
5492 5492
400 400
4205 4205
5554 5554
5533 5533
2406 2406
4203 4203
3175 3175
3748 3748
3051 3051
4542 4543
3267 3267
542 542
4135 4135
2152 2152
5377 5377
4532 4532
505 505
5566 5566
657 658
4401 4401
1610 1610
5653 5653
4154 4154
5200 5200
5574 5575
6042 6042
3337 3337
4251 4251
295 295
5203 5203
5497 5497
5588 5588
2111 2111
5584 5584
5582 5583
3434 3434
2646 2646
1147 1147
3845 3845
536 536
3779 3779
5204 5204
4199 4199
4568 4568
4005 4005
3949 3949
1883 1883
3485 3485
3657 3657
460 460
707 707
5547 5547
3708 3708
1226 1226
318 318
1873 1873
6383 6383
4581 4581
5563 5564
628 628
158 158
6068 6068
5606 5607
785 785
5546 5546
5115 5115
6511 6511
4840 4840
1188 1188
4963 4963
731 731
5598 5598
3058 3058
4588 4588
251 251
3829 3829
4062 4062
5580 5581
3917 3917
3808 3808
440 440
406 406
6005 6005
2576 2576
6024 6024
5449 5449
6022 6022
4574 4574
1468 1468
5358 5358
5629 5630
5569 5570
476 477
5474 5474
5631 5631
5633 5634
5635 5635
5639 5639
6090 6090
3703 3703
5641 5642
6447 6447
2088 2088
5643 5643
3730 3730
5647 5648
6419 6419
4261 4261
5649 5649
1018 1018
5591 5591
5654 5654
5656 5657
5658 5659
5660 5661
3783 3783
5665 5666
4481 4481
4605 4606
4506 4506
3455 3455
4611 4612
2675 2675
4621 4621
4619 4619
6519 6519
5671 5672
4307 4307
5675 5676
3831 3831
5677 5678
4385 4385
5466 5466
4381 4381
5681 5681
4615 4615
4255 4255
4637 4638
316 316
5683 5684
5685 5686
4477 4477
5687 5688
5690 5690
5692 5692
5597 5597
5696 5697
4639 4639
4554 4554
5698 5698
4641 4642
4308 4308
5702 5702
5706 5707
5708 5708
5714 5715
5712 5713
5716 5716
5722 5723
5718 5719
5724 5725
1530 1530
4650 4651
4652 4652
4460 4460
4646 4646
5732 5732
5730 5731
4933 4933
4654 4655
5378 5378
4186 4186
5735 5735
4657 4657
5737 5738
5222 5222
4659 4660
5739 5740
4661 4661
5745 5745
4663 4663
4667 4667
4675 4675
4669 4669
4665 4666
5743 5743
4671 4671
4687 4688
4681 4681
4673 4674
4679 4677
5759 5759
4677 4680
5753 5754
4685 4685
4701 4702
5751 5752
4703 4703
5747 5747
4707 4707
5757 5758
4705 4705
4683 4684
4697 4697
4699 4699
5755 5756
5749 5749
4691 4692
4693 4694
4709 4710
5763 5763
4328 4328
5761 5761
4715 4716
4717 4717
4711 4711
5769 5770
4719 4719
4725 4725
5771 5772
4713 4713
5777 5777
4723 4723
4721 4722
4727 4728
4729 4730
5795 5795
5773 5774
4731 4732
5787 5789
5789 5785
5785 5786
4737 4738
5793 5794
4738 4737
4733 4734
4741 4741
5779 5780
5805 5806
5783 5783
5799 5799
5797 5798
5811 5812
4735 4735
5801 5802
6099 6099
6752 6752
5807 5809
5813 5813
5815 5816
4968 4968
5821 5821
4745 4745
5823 5824
4743 4743
5825 5826
4633 4634
4749 4750
5324 5324
4263 4263
5830 5831
4755 4756
6487 6487
5835 5836
4758 4759
3064 3064
3454 3454
5199 5199
3880 3880
5837 5838
4763 4764
3372 3372
3237 3237
4765 4766
5840 5840
1008 1008
5842 5843
5844 5845
5846 5846
6055 6056
4241 4241
5851 5852
5849 5849
5484 5484
3642 3642
4768 4769
4770 4770
5857 5857
4773 4773
5855 5856
5859 5859
3796 3796
4775 4776
1771 1771
6303 6303
5862 5862
6031 6031
5355 5355
4929 4929
5868 5868
4783 4783
3765 3765
4785 4786
4787 4787
3981 3981
1004 1004
5870 5870
5572 5572
4790 4790
5872 5873
5882 5882
6436 6436
3248 3248
4440 4440
6553 6553
321 321
1384 1384
4796 4797
5145 5145
3350 3350
4802 4803
4804 4804
5894 5894
347 347
5898 5898
5906 5906
1446 1446
847 847
5904 5905
3583 3583
5908 5908
5918 5918
2782 2782
5920 5920
5922 5922
6247 6247
743 743
1013 1013
5924 5924
4747 4747
6291 6291
5916 5917
800 800
5929 5930
5365 5365
5936 5936
5931 5932
5933 5934
6399 6399
5892 5892
4037 4037
4084 4084
794 794
5941 5941
1818 1818
5944 5944
5947 5948
663 663
5902 5903
4397 4397
5951 5951
5953 5953
5949 5950
5957 5957
5939 5939
5839 5839
4557 4557
1123 1123
603 603
620 620
3687 3687
4153 4153
3993 3993
5967 5968
6243 6244
4824 4825
917 917
323 323
2156 2156
5361 5361
4056 4056
2098 2098
5104 5104
928 928
4523 4523
4052 4052
6255 6255
4003 4003
1649 1649
3702 3702
1373 1373
2588 2588
3753 3753
6922 6922
1774 1774
427 427
6315 6315
4923 4923
3886 3886
685 685
6349 6349
291 292
4896 4896
3388 3388
5986 5987
4852 4853
5402 5402
5992 5992
5734 5734
5989 5989
524 524
3790 3790
4872 4873
5429 5429
5215 5215
2590 2590
6277 6277
5995 5995
903 903
1024 1024
4348 4348
4886 4886
5158 5158
5943 5943
4032 4032
2595 2595
3988 3988
6202 6202
5999 5999
3991 3991
1854 1854
4177 4177
4578 4578
4861 4861
3814 3814
2082 2082
5091 5091
6061 6061
5422 5422
3979 3979
5421 5421
3456 3456
4901 4902
4908 4908
6246 6246
5507 5507
5409 5409
4013 4013
725 725
6764 6764
4429 4429
421 421
5496 5496
6009 6009
3476 3476
5625 5625
4907 4907
5173 5173
528 528
4942 4942
4937 4937
5472 5472
3340 3340
2825 2825
6057 6058
219 220
6387 6387
5404 5404
3974 3974
4151 4151
6044 6044
4206 4206
6754 6754
2358 2358
4950 4950
4545 4545
6048 6048
5249 5249
3549 3550
6060 6060
4948 4948
3819 3819
6064 6064
6049 6049
850 850
6265 6265
6077 6077
4192 4192
2671 2671
4961 4961
6072 6072
4894 4895
3464 3464
4188 4188
6065 6065
4967 4967
4974 4974
3950 3950
6084 6084
5219 5219
3484 3484
6088 6088
6085 6085
6089 6089
5294 5294
3163 3163
2448 2448
6095 6095
6100 6100
4984 4984
6104 6104
1715 1715
6767 6767
3817 3817
4325 4325
6109 6109
6114 6114
3919 3919
4147 4147
4998 4998
4997 4997
4540 4540
6111 6111
3510 3510
6124 6124
6112 6112
6113 6113
3889 3889
6129 6129
4479 4479
6116 6116
6130 6130
6117 6117
6118 6118
6131 6131
6119 6119
6123 6123
6122 6122
6121 6121
6125 6125
6132 6133
6598 6598
6126 6126
3963 3963
3330 3330
6134 6135
5004 5004
4500 4500
5007 5007
6141 6141
6138 6138
6137 6137
5010 5010
6143 6143
6145 6146
5008 5008
6147 6147
3965 3965
6142 6142
6462 6462
6150 6150
6151 6151
5020 5020
5021 5021
5022 5022
6900 6900
5023 5023
6140 6140
5014 5014
5015 5015
5024 5025
6160 6160
6156 6156
5028 5029
6158 6158
5035 5032
5038 5038
5036 5037
6168 6169
6172 6173
5313 5313
6170 6170
6174 6174
6176 6177
6166 6166
5041 5041
5055 5056
6178 6179
5051 5052
5043 5043
5045 5045
5047 5048
5049 5049
5059 5060
5061 5061
6185 6185
6187 6188
6193 6193
5065 5065
5063 5064
5073 5073
5075 5075
5069 5070
5067 5068
6191 6191
6152 6152
2826 2826
6198 6198
3251 3251
4920 4920
5078 5078
6196 6196
6195 6195
6199 6199
5079 5079
5080 5080
6200 6200
5081 5081
3997 3997
6602 6602
5083 5083
6206 6206
6201 6201
4337 4337
6210 6210
6207 6207
5094 5094
5143 5143
3755 3755
4265 4265
6212 6212
6712 6712
3534 3534
892 892
6075 6075
5109 5109
3925 3925
3421 3421
3153 3153
4247 4247
6225 6225
5098 5098
276 277
3934 3934
2388 2388
4094 4094
1521 1521
5121 5122
6464 6464
4503 4503
2483 2483
4061 4061
5134 5134
5959 5959
361 361
6492 6492
5105 5105
1242 1242
4476 4476
6234 6234
359 360
3812 3812
560 560
3401 3401
4384 4384
279 280
6263 6263
2036 2036
4396 4396
5886 5886
454 454
816 817
5236 5236
636 636
556 556
5506 5506
4210 4210
4240 4240
990 990
6238 6238
4303 4303
4408 4408
415 415
5888 5888
754 754
1272 1272
827 827
5339 5339
4047 4047
6722 6722
554 554
2022 2022
4559 4559
6393 6393
4989 4989
4078 4078
487 487
5246 5246
667 667
3850 3850
4058 4058
1033 1033
382 382
2693 2693
6748 6748
6524 6524
804 804
4256 4256
671 671
2068 2068
1550 1550
2422 2422
853 853
6552 6552
3458 3458
6401 6401
6345 6345
3299 3299
1039 1039
3832 3832
2743 2743
6782 6782
4596 4596
1393 1393
1891 1891
3653 3653
3091 3091
6814 6814
2474 2474
6281 6281
6628 6628
2622 2622
4833 4833
6694 6694
1923 1923
662 662
758 758
1916 1916
1796 1796
1347 1347
3688 3688
698 698
2756 2756
599 599
2802 2802
2557 2557
273 273
5136 5136
6927 6927
6354 6354
523 523
1772 1773
6542 6542
678 678
4508 4508
1327 1327
1348 1348
1232 1232
5364 5364
6272 6272
1487 1487
626 626
3311 3311
6006 6006
5088 5088
2137 2137
3200 3200
3080 3080
4146 4146
2436 2436
2773 2773
4806 4806
365 365
6548 6548
878 878
5988 5988
6849 6849
797 797
6497 6497
1808 1808
6702 6702
1447 1447
5252 5252
4242 4242
936 936
672 672
3121 3121
3117 3118
5645 5645
1658 1658
6561 6561
341 341
2848 2848
1361 1361
2089 2089
3815 3815
6820 6820
389 389
1332 1332
1937 1937
2533 2533
762 762
3976 3976
4821 4821
6224 6224
6405 6405
913 913
6868 6868
3805 3805
6213 6213
5254 5254
1882 1882
4357 4357
5405 5405
4142 4142
5354 5354
2439 2439
818 818
6494 6494
675 675
3357 3357
2327 2327
5848 5848
6412 6412
3678 3678
6938 6938
730 730
2725 2725
5118 5118
334 334
1240 1240
4296 4296
6547 6547
6203 6203
766 766
713 713
5288 5288
1280 1280
2254 2254
4793 4793
5382 5382
2189 2189
6915 6915
1159 1159
1546 1546
5515 5515
894 895
4336 4336
3168 3168
3161 3162
6094 6094
4378 4378
2407 2407
2547 2547
337 337
937 937
4288 4288
1775 1775
6406 6406
311 311
6567 6567
755 755
6555 6555
4955 4955
1126 1126
437 437
335 335
2248 2248
2142 2142
1193 1193
5401 5401
6413 6413
4560 4560
1077 1077
4959 4959
2250 2250
2443 2443
4181 4181
1273 1273
2780 2780
1189 1189
2883 2883
6491 6491
3659 3659
1282 1282
5163 5163
6729 6729
4417 4417
6678 6678
6444 6444
5612 5612
2516 2516
1548 1548
4826 4826
6046 6046
6774 6774
4829 4829
5445 5445
4349 4349
1436 1436
4230 4230
4351 4351
6738 6738
773 773
3958 3958
2010 2011
592 592
1961 1961
6857 6857
1488 1488
4531 4531
1983 1983
1612 1612
648 648
6216 6216
3331 3331
6249 6249
2260 2260
848 848
859 860
5832 5832
6037 6037
6465 6465
6836 6836
2505 2505
452 452
868 868
4518 4518
5446 5446
6052 6052
2083 2083
4857 4857
4264 4264
6428 6428
3610 3610
6758 6758
6449 6449
1345 1345
4159 4159
1026 1026
2740 2740
2131 2131
5532 5532
1785 1785
1225 1225
6417 6417
1139 1139
6643 6643
1637 1638
5253 5253
729 729
4183 4183
1981 1981
6105 6105
1529 1529
4859 4859
3801 3801
5459 5459
694 694
6813 6813
5096 5096
2981 2981
6638 6638
306 306
703 703
1301 1301
1110 1110
6687 6687
6593 6593
3911 3911
6103 6103
6097 6097
1951 1951
5341 5341
4386 4386
673 673
3511 3511
6586 6586
2378 2378
529 529
450 450
1075 1075
632 632
4392 4392
5473 5473
2778 2778
1929 1929
3363 3363
4297 4297
6429 6429
6657 6657
1359 1359
3810 3810
6610 6610
5505 5505
6014 6014
6276 6276
4535 4535
4218 4218
552 552
6467 6467
2366 2366
1825 1825
5387 5387
4204 4204
5542 5542
6220 6220
3453 3453
668 668
5103 5103
7002 7002
6522 6522
6707 6707
543 543
4519 4519
687 687
6998 6998
6827 6827
6832 6832
2961 2961
5018 5018
6906 6906
4433 4434
4582 4582
4262 4262
5424 5424
5167 5167
2025 2025
2728 2728
1743 1743
6311 6311
4534 4534
6683 6683
481 481
3964 3964
1312 1312
4436 4436
4922 4922
6830 6830
6811 6811
933 933
7139 7139
4882 4882
1156 1156
3792 3792
497 497
3794 3794
513 513
3951 3951
2077 2077
950 950
6305 6305
1778 1778
5969 5969
2771 2771
2491 2491
4478 4478
1902 1902
3025 3025
6505 6505
2369 2369
4472 4472
1358 1358
1628 1628
1787 1787
6271 6271
4030 4030
2157 2158
4099 4099
1064 1064
4516 4516
2323 2323
2034 2034
1864 1864
3668 3668
7054 7054
612 612
2295 2295
5559 5559
2569 2569
6679 6679
1518 1518
5193 5193
6442 6442
3134 3134
6558 6558
2511 2511
3222 3222
7005 7005
6993 6993
1837 1837
4762 4762
5827 5827
5082 5082
2259 2259
3835 3835
4629 4629
865 865
3740 3740
1107 1108
6001 6001
2495 2495
3762 3763
4174 4174
4549 4549
1060 1060
6903 6903
4184 4184
6543 6543
6725 6725
6866 6866
5609 5609
604 604
1552 1552
5302 5302
6695 6695
5124 5124
1425 1425
3807 3807
6645 6645
2278 2278
721 722
1176 1176
912 912
5508 5508
4202 4202
5436 5436
6376 6376
6414 6414
4617 4617
2026 2026
1931 1931
4420 4420
5651 5651
6589 6589
6893 6893
4095 4096
6685 6685
6704 6704
4995 4995
1235 1235
3462 3462
5353 5353
3862 3862
2948 2948
7238 7238
5258 5258
1247 1247
539 540
6520 6520
649 649
572 572
587 587
1369 1369
1154 1154
1851 1851
934 934
2993 2993
6629 6629
882 882
4782 4782
6599 6599
3626 3626
5172 5172
6533 6533
897 897
6344 6344
5448 5448
607 607
6282 6282
6279 6279
2639 2639
5307 5307
3900 3900
3061 3061
7075 7075
4906 4906
1083 1083
5613 5613
1428 1428
4925 4925
7018 7018
6733 6733
7103 7103
5973 5973
4444 4444
6526 6526
6468 6468
3989 3989
3679 3679
5110 5110
3274 3274
5182 5182
5535 5535
6280 6280
6824 6824
1967 1967
7030 7030
6312 6312
1010 1011
1031 1031
2197 2197
4570 4570
5111 5111
1081 1081
896 896
466 466
948 948
2115 2115
3712 3712
4505 4505
3946 3946
4990 4990
6295 6295
5408 5408
5434 5434
4471 4471
6284 6284
5139 5139
5357 5357
5615 5615
1863 1863
6071 6071
3415 3415
1100 1100
6612 6612
7126 7126
6506 6506
5611 5611
6963 6963
836 836
5403 5403
638 638
590 590
1571 1571
3362 3362
6395 6395
6507 6507
966 966
695 695
807 807
5131 5132
765 765
6568 6568
6430 6430
852 852
6290 6290
711 711
2949 2949
6334 6334
412 412
3972 3972
4059 4059
2525 2525
1595 1595
4583 4583
4234 4234
6217 6217
6966 6966
5500 5500
4957 4957
5477 5477
4888 4888
6437 6437
2464 2464
5342 5342
6579 6579
6578 6578
6545 6545
6332 6332
5544 5544
664 665
3671 3671
5412 5412
3552 3552
6476 6476
6440 6440
6918 6918
845 845
2508 2508
617 617
7205 7205
6921 6921
3961 3961
6416 6416
6215 6215
6700 6701
6549 6549
7213 7213
3065 3065
5304 5304
622 622
1223 1224
6892 6892
4832 4832
2758 2758
4232 4233
3707 3707
6360 6360
2073 2073
2501 2501
1517 1517
5151 5151
1131 1131
954 954
3493 3493
6859 6859
6010 6010
1678 1678
7196 7196
3852 3852
6471 6471
652 652
701 701
2932 2932
2753 2753
5482 5482
4468 4468
1707 1707
645 645
1807 1807
3376 3376
4905 4905
1422 1422
5416 5416
502 502
4294 4294
6660 6660
5166 5166
2116 2117
4239 4239
3590 3590
6289 6289
4962 4962
1258 1258
1509 1509
5162 5162
6404 6404
2574 2574
2729 2729
3214 3214
1853 1853
4834 4834
2206 2206
1208 1208
4938 4938
2046 2046
3726 3727
2821 2821
378 379
3774 3774
4839 4839
4223 4223
6760 6760
5159 5159
4276 4276
5189 5189
3375 3375
7104 7104
5196 5196
6456 6456
4952 4952
5197 5197
4553 4553
3604 3604
4097 4097
6366 6366
2820 2820
5400 5400
6351 6351
918 918
1727 1727
7016 7016
4020 4020
1130 1130
7055 7055
5517 5517
6221 6221
3848 3848
6223 6223
1987 1987
961 961
6229 6229
5608 5608
5296 5296
3397 3397
1192 1192
5251 5251
1167 1167
992 992
995 995
6946 6946
6409 6409
4983 4983
5413 5413
4875 4875
6576 6576
3081 3081
1566 1566
5480 5480
837 837
930 930
4358 4358
7047 7047
3195 3195
5223 5223
910 910
7150 7150
893 893
6604 6604
6230 6230
6540 6540
6218 6218
5561 5561
6470 6470
7080 7080
2071 2071
5880 5880
4445 4445
6034 6034
432 432
6756 6756
3664 3664
6016 6016
1019 1019
4249 4249
6302 6302
4155 4155
6204 6204
366 366
6914 6914
5946 5946
6885 6885
3681 3681
7091 7091
1408 1408
5276 5276
4029 4029
5198 5198
968 968
5250 5250
6883 6883
2362 2362
3718 3718
6929 6929
5437 5437
783 783
566 566
962 962
880 880
6441 6441
6268 6268
6493 6493
1687 1687
1905 1905
6092 6092
7156 7156
716 716
3952 3952
1385 1385
4547 4547
5300 5300
5407 5407
5539 5539
4520 4520
3713 3713
1021 1021
1748 1748
957 957
4497 4497
708 709
1833 1833
6792 6792
1238 1238
2624 2624
4458 4458
5467 5467
6899 6899
6535 6535
7041 7041
1806 1806
4524 4524
4382 4382
623 623
3581 3581
6706 6706
4430 4430
6843 6843
690 690
1209 1209
6208 6208
1217 1217
6415 6415
6076 6076
5991 5991
6045 6045
1088 1089
2220 2220
5391 5391
4548 4548
6069 6069
371 371
1015 1015
5152 5152
5864 5864
710 710
2315 2315
1003 1003
7068 7068
5418 5418
6477 6477
1366 1366
1498 1498
2110 2110
2153 2153
1732 1732
6368 6368
6584 6584
1503 1503
997 997
2890 2890
2151 2151
6531 6531
2263 2263
2012 2012
4394 4394
1534 1534
938 938
1261 1261
6316 6316
6943 6943
1888 1889
6909 6909
5297 5297
756 757
6285 6285
6530 6530
6969 6969
515 516
6846 6846
6620 6620
823 823
5573 5573
3960 3960
1945 1945
1514 1514
6644 6644
5287 5287
5329 5329
3579 3579
2339 2339
4541 4541
1593 1594
696 696
5012 5012
7066 7066
5568 5568
6563 6563
3045 3045
470 471
6033 6033
1506 1506
494 494
6423 6423
7165 7165
3347 3347
6908 6908
3879 3879
2372 2372
6677 6677
5562 5562
1554 1554
368 368
3804 3804
4964 4964
4369 4369
6845 6845
898 898
5180 5180
425 425
2201 2201
875 875
7004 7004
2187 2187
751 751
1462 1462
7178 7178
749 749
4363 4363
6736 6736
6699 6699
2577 2577
1239 1239
7184 7184
809 809
7003 7003
6698 6698
6317 6317
5140 5141
900 900
3975 3975
5202 5202
6880 6880
4426 4427
5981 5981
1058 1058
6012 6012
2919 2919
4926 4926
1842 1842
5962 5962
6030 6030
6959 6959
651 651
6865 6865
3620 3620
6724 6724
2249 2249
2477 2477
873 873
5386 5386
6577 6577
5463 5463
3244 3244
5881 5881
1103 1103
6989 6989
625 625
7015 7015
7031 7031
2028 2028
4918 4918
4026 4026
1527 1527
1742 1742
6691 6691
6459 6459
3547 3547
4970 4970
6339 6339
6751 6751
7083 7083
4976 4976
511 511
6863 6864
2079 2079
2790 2790
7014 7014
2198 2198
6601 6601
4981 4981
4982 4982
1964 1964
4985 4985
451 451
2703 2703
588 588
606 606
6488 6488
1500 1500
2998 2998
6972 6972
5106 5106
4992 4992
7085 7085
5321 5321
1674 1674
1795 1795
1160 1160
3938 3938
1052 1052
5530 5530
6418 6418
924 925
6968 6968
5371 5371
1293 1293
601 602
2246 2246
6015 6015
426 426
7061 7061
4517 4517
650 650
6709 6709
1403 1403
6896 6896
5457 5457
1398 1398
3026 3026
4874 4874
4080 4080
981 981
683 683
2705 2705
2228 2228
6786 6786
6658 6658
6788 6788
1164 1164
611 611
6356 6356
6427 6427
1151 1151
926 926
735 735
1496 1496
943 943
5187 5187
6867 6867
6753 6753
2913 2913
6607 6607
3843 3844
7201 7201
1449 1449
6013 6013
634 634
1671 1671
2891 2891
1491 1491
1823 1823
6793 6793
6666 6666
6329 6329
747 747
795 795
7158 7158
5417 5417
485 486
669 669
5483 5483
3158 3158
1729 1729
6040 6040
2453 2453
517 517
1353 1353
7087 7087
1038 1038
1143 1143
3802 3802
637 637
4402 4402
4924 4924
3060 3060
3131 3131
1577 1577
1101 1101
7097 7097
826 826
4591 4591
3122 3122
6235 6235
5475 5475
1560 1560
1341 1341
6485 6485
858 858
1455 1455
2311 2311
3279 3279
498 498
6740 6740
677 677
5086 5086
6446 6446
7072 7072
3719 3719
4033 4033
1399 1399
1614 1614
348 348
6675 6675
2314 2314
7105 7105
6674 6674
5578 5578
712 712
641 641
1298 1298
4789 4789
1253 1253
1479 1479
7265 7265
6513 6513
7111 7111
2637 2637
2136 2136
6402 6402
7106 7106
1519 1519
6298 6298
2162 2162
1043 1043
7006 7006
770 771
1114 1114
5372 5372
7021 7021
6615 6615
6469 6469
3806 3806
1684 1684
6955 6955
2923 2923
1532 1532
1069 1069
6041 6041
6923 6923
2747 2747
6654 6654
2870 2870
3289 3289
5373 5373
7098 7098
994 994
6665 6665
573 573
2139 2139
586 586
7112 7112
7109 7109
6362 6362
7198 7198
6074 6074
2872 2872
7034 7034
3349 3349
1074 1074
7212 7212
7124 7124
1410 1410
732 732
5468 5468
840 840
3789 3789
1718 1719
1124 1124
1392 1392
1062 1062
5127 5127
3327 3327
5135 5135
4219 4219
2482 2482
5301 5301
6681 6681
7155 7155
987 987
5383 5383
3211 3211
1749 1749
6954 6954
7215 7215
705 705
5481 5481
6379 6379
2140 2140
1464 1464
5551 5551
6934 6934
6120 6120
2341 2342
3101 3101
1171 1171
1525 1526
5261 5261
1296 1296
1405 1405
1420 1420
1839 1839
2692 2692
2078 2078
6489 6489
862 862
2213 2213
1697 1697
1664 1664
7177 7177
1377 1377
3049 3049
4066 4066
1927 1927
6474 6474
6557 6557
1978 1978
1270 1270
1233 1233
5114 5114
1524 1524
2611 2611
1798 1798
1181 1181
835 835
4838 4838
1656 1656
784 784
7032 7032
600 600
1533 1533
1205 1205
7273 7273
6369 6369
5327 5327
7131 7131
1149 1150
7115 7115
3031 3031
6812 6812
1630 1630
7024 7025
2473 2473
1055 1055
4973 4973
1387 1387
7120 7120
838 838
3110 3110
7235 7235
1557 1557
7217 7217
6512 6512
6498 6498
5376 5376
1020 1020
4081 4081
2229 2229
5275 5275
746 746
6516 6516
6888 6888
6642 6642
4320 4320
5285 5285
2261 2262
5242 5242
3341 3341
6886 6886
3912 3913
2216 2216
5458 5458
728 728
7134 7134
2174 2174
1611 1611
6343 6343
6020 6020
6755 6755
7219 7219
1198 1199
2454 2454
1944 1944
6652 6652
2801 2801
6994 6994
1036 1036
3019 3019
6964 6964
6527 6527
1007 1007
6365 6365
1501 1501
2125 2125
2285 2285
7133 7133
4235 4235
3717 3717
6986 6986
1248 1248
1783 1783
7095 7095
6392 6392
2112 2113
2952 2952
1670 1670
2737 2737
2634 2634
7153 7153
967 967
1022 1022
1928 1928
1782 1782
2789 2789
5157 5157
6834 6834
6956 6956
6967 6967
6844 6844
3366 3366
2481 2481
692 693
1299 1299
6977 6977
3063 3063
1093 1093
1256 1256
4419 4419
2450 2450
2145 2145
7132 7132
2956 2956
3745 3745
2154 2154
720 720
7277 7278
7228 7228
2714 2714
4406 4406
1700 1700
7110 7110
1710 1710
1329 1329
970 970
7224 7224
4021 4021
1578 1578
1458 1459
1476 1476
1061 1061
5154 5154
2458 2459
6818 6818
1302 1302
1492 1492
7233 7233
1597 1597
7236 7236
7225 7225
1558 1558
6939 6939
6744 6744
1202 1202
6262 6262
7240 7240
7039 7039
7245 7245
6732 6732
975 975
2800 2800
1035 1035
6852 6852
6970 6970
980 980
6495 6495
4287 4287
6904 6904
4496 4496
2631 2631
2522 2522
6149 6149
1317 1317
6891 6891
2468 2468
3318 3318
6501 6501
7272 7272
1194 1194
2004 2004
2794 2794
3723 3723
565 565
871 871
6828 6828
2014 2014
2752 2752
2434 2434
1930 1930
3188 3188
964 964
3400 3400
1793 1793
1374 1374
7200 7200
1745 1745
1562 1562
7305 7305
777 777
1363 1363
2915 2915
3785 3785
2149 2149
1390 1390
7232 7232
3068 3068
7079 7079
1620 1620
877 877
2928 2928
6583 6583
2687 2687
996 996
3116 3116
1113 1113
7160 7160
2338 2338
7216 7216
1467 1467
6999 6999
1750 1750
1483 1483
518 518
441 441
7056 7056
5664 5664
1520 1520
6340 6340
7090 7090
1344 1344
6320 6320
1262 1262
2305 2305
6380 6380
854 854
6606 6606
3540 3540
7159 7159
6032 6032
5394 5394
1241 1241
7275 7275
7051 7051
3937 3937
7166 7166
3059 3059
4595 4595
6445 6445
1606 1606
744 744
736 736
6115 6115
1206 1207
6850 6850
608 608
6127 6127
6806 6806
6136 6136
1091 1091
3776 3776
3394 3394
4092 4093
7046 7046
5267 5267
2978 2978
6450 6450
2804 2804
7009 7009
5380 5380
7092 7092
6374 6374
5689 5689
1195 1195
489 489
7279 7279
761 761
1244 1244
1776 1776
3224 3224
4792 4792
7119 7119
1352 1352
815 815
7304 7304
6517 6517
1381 1381
6829 6829
6978 6978
6617 6617
6000 6000
2605 2605
3280 3280
1481 1481
384 384
661 661
7297 7297
1407 1407
5938 5938
6898 6898
3441 3441
2515 2515
1057 1057
734 734
1461 1461
1027 1027
7164 7164
2562 2562
3710 3710
3348 3348
781 781
1702 1702
1394 1394
1286 1286
1816 1816
6326 6326
6327 6327
1695 1695
1954 1954
1297 1297
6239 6239
616 616
6631 6631
6630 6630
2365 2365
4879 4879
6973 6973
3430 3430
1136 1136
1917 1917
6228 6228
4883 4883
3578 3578
1924 1924
6639 6639
6035 6035
402 403
6036 6036
6862 6862
1844 1844
6600 6600
1588 1588
7069 7069
4492 4492
1218 1218
1922 1922
1971 1971
874 874
5493 5493
355 355
776 776
1867 1867
1980 1980
674 674
689 689
1531 1531
6572 6572
3930 3930
6551 6551
2564 2564
1516 1516
6992 6992
4193 4193
718 718
6920 6920
2772 2772
2881 2881
3924 3924
977 977
3986 3986
907 907
6614 6614
1545 1545
1478 1478
1780 1780
6618 6618
2203 2203
945 945
6341 6341
1448 1448
5005 5005
6991 6991
6581 6581
2940 2940
639 639
7229 7229
6385 6385
1391 1391
5523 5523
737 737
1191 1191
6580 6580
7067 7067
2032 2032
6588 6588
6587 6587
6514 6514
6390 6390
6590 6590
6591 6591
6594 6594
4283 4283
2668 2668
6831 6831
509 509
1583 1584
2045 2045
7048 7048
775 775
1868 1868
1730 1730
2291 2291
6597 6597
2270 2271
1263 1263
4015 4015
3816 3816
2380 2380
5525 5525
6309 6309
2939 2939
1005 1005
2147 2147
3314 3314
1535 1535
6919 6919
829 829
6924 6924
2325 2325
4866 4866
3978 3978
2479 2479
1364 1364
6432 6432
1653 1653
6434 6434
983 983
1042 1042
1999 1999
1769 1769
656 656
6953 6953
7264 7264
856 856
6333 6333
6257 6257
2534 2534
1342 1342
2507 2507
3012 3012
5619 5619
6571 6571
5621 5621
1182 1182
2302 2302
2363 2364
5628 5628
1913 1913
4167 4167
6562 6562
6388 6388
5565 5565
6605 6605
1915 1915
1717 1717
1367 1367
2135 2135
2097 2097
7209 7209
6472 6472
1542 1542
6613 6613
2990 2990
1770 1770
1640 1640
3576 3576
5970 5970
6484 6484
3587 3587
870 870
504 504
3074 3075
1037 1037
2029 2029
7052 7052
2420 2420
2063 2063
3096 3096
7157 7157
7077 7077
6790 6790
3179 3179
2170 2170
1569 1569
6942 6942
951 951
4228 4228
1252 1252
946 946
2193 2193
1493 1493
3787 3787
6689 6689
2177 2177
1977 1977
598 598
7108 7108
1605 1605
2628 2628
1450 1450
1200 1200
6894 6894
1955 1955
2544 2544
759 759
1996 1996
6775 6775
2466 2466
1264 1264
6286 6286
1308 1308
2586 2586
3423 3423
431 431
1486 1486
1756 1756
959 959
3105 3105
6697 6697
3169 3169
3992 3992
6306 6306
719 719
2408 2408
1145 1145
5350 5350
1305 1305
1257 1257
944 944
2393 2393
1040 1040
6778 6778
6837 6837
2738 2738
1877 1877
7058 7058
1490 1490
492 492
1968 1968
6940 6940
6838 6838
7167 7167
6931 6931
7204 7204
1285 1285
5366 5366
808 808
5524 5524
7074 7074
1350 1350
6840 6840
2945 2945
1287 1287
6841 6841
1777 1777
1375 1375
1751 1751
6475 6475
2230 2230
6299 6299
4552 4552
1234 1234
7146 7146
6791 6791
6508 6508
1214 1214
1723 1723
1897 1897
2066 2066
3029 3030
2300 2300
1747 1747
2176 2176
1336 1336
6848 6848
6646 6646
7073 7073
2086 2086
5392 5392
1896 1896
2357 2357
1621 1621
5972 5972
7186 7186
6856 6856
2404 2404
4491 4491
4149 4149
2214 2214
5281 5281
1211 1211
4954 4954
6773 6773
2155 2155
1044 1044
6869 6869
1797 1797
5351 5351
3918 3918
7268 7268
4870 4870
6826 6826
6325 6325
2531 2531
3164 3164
2962 2962
2128 2128
1309 1309
7188 7188
1539 1539
5185 5185
7230 7230
1326 1326
1023 1023
1378 1378
993 993
7013 7013
1497 1497
6453 6453
5541 5541
6917 6917
1701 1701
1661 1661
1709 1709
7183 7183
2211 2211
6717 6717
1411 1411
1564 1564
1129 1129
6274 6274
2294 2294
921 921
1631 1632
942 942
2476 2476
2008 2008
1522 1522
6457 6457
4176 4176
6622 6622
1161 1161
2835 2835
1255 1255
1444 1444
2480 2480
2096 2096
2002 2002
2455 2455
2490 2490
6359 6359
5464 5464
1437 1437
790 790
3183 3183
6308 6308
1065 1066
1048 1048
6373 6373
1277 1277
2635 2635
764 764
6988 6988
1655 1655
6803 6803
1105 1105
949 949
3234 3234
6624 6624
6739 6739
2160 2160
7053 7053
1739 1739
6741 6741
6232 6232
1721 1721
5164 5164
6763 6763
5518 5518
7026 7026
2092 2092
1140 1140
6715 6715
1543 1543
6995 6995
7088 7088
1744 1744
1629 1629
3699 3699
814 814
7029 7029
6565 6565
7113 7113
4010 4010
1667 1668
1085 1086
1049 1049
1452 1452
2100 2100
1859 1859
6574 6574
7203 7203
1177 1177
5622 5622
4958 4958
5509 5509
1117 1117
2106 2106
557 557
6296 6296
6930 6930
7022 7022
1212 1213
1288 1289
6237 6237
7099 7099
1246 1246
2527 2527
6809 6809
2161 2161
1314 1314
2185 2185
2822 2822
1229 1229
7065 7065
1856 1856
2049 2049
6815 6815
7033 7033
932 932
6682 6682
1811 1811
6021 6021
6871 6871
2995 2995
4090 4090
1792 1792
5996 5996
6649 6649
1237 1237
6872 6872
548 549
6980 6980
6357 6357
6874 6874
1284 1284
1921 1921
3825 3825
3113 3113
6875 6875
1754 1754
6693 6693
6267 6267
2670 2670
6876 6876
2212 2212
1948 1948
1912 1912
6877 6877
1679 1679
2368 2368
1609 1609
1862 1862
7017 7017
4258 4258
1512 1512
5295 5295
1144 1144
3898 3898
5308 5308
1250 1250
4277 4277
2549 2549
1665 1665
1495 1495
2240 2241
1328 1328
6711 6711
6425 6425
1919 1919
3343 3343
4161 4161
1647 1647
6941 6941
7199 7199
6273 6273
2898 2898
1626 1626
1592 1592
1473 1473
3634 3634
3904 3904
6342 6342
6728 6728
478 478
1966 1966
2091 2091
3736 3736
6653 6653
7070 7070
6039 6039
1935 1935
1551 1551
7141 7141
3197 3197
7169 7169
4286 4286
4502 4502
1443 1443
973 974
7222 7222
550 550
6680 6680
851 851
742 742
3644 3644
2148 2148
2194 2194
7296 7296
1805 1805
5901 5901
2081 2081
3007 3007
2179 2179
5453 5453
1339 1339
6757 6757
2186 2186
2723 2723
1559 1559
501 501
2041 2041
681 682
1343 1343
1370 1370
1030 1030
1442 1442
4367 4367
1835 1835
1965 1965
6847 6847
6745 6746
2620 2620
842 842
4126 4126
6710 6710
7129 7129
7043 7043
1886 1886
1249 1249
1386 1386
5282 5282
1475 1475
2006 2006
6634 6634
6912 6912
1080 1080
1009 1009
2603 2603
3066 3066
7135 7135
7189 7189
1265 1265
1507 1507
2108 2108
5978 5978
2316 2316
1673 1673
6770 6770
7036 7036
1190 1190
2587 2587
2449 2449
4272 4273
2013 2013
4656 4656
3865 3866
7144 7144
2297 2297
1251 1251
6251 6251
1989 1989
1675 1675
1645 1645
7050 7050
1602 1602
5411 5411
660 660
4361 4361
6066 6066
1505 1505
7057 7057
7172 7172
5603 5603
1445 1445
7102 7102
1219 1219
1466 1466
6804 6804
7190 7190
6821 6821
2980 2980
1528 1528
7187 7187
1146 1146
7100 7100
1094 1094
3418 3418
2020 2020
6668 6668
1046 1046
6727 6727
2411 2411
7152 7152
1185 1185
3606 3606
6400 6400
1032 1032
3123 3123
1056 1056
1799 1799
7035 7035
6720 6720
7081 7081
2701 2701
4346 4346
1657 1657
3475 3475
2030 2030
2221 2221
1474 1474
1310 1310
6945 6945
6761 6761
700 700
1708 1708
1389 1389
4809 4809
5381 5381
2215 2215
1395 1395
1826 1826
1275 1276
1175 1175
1943 1943
6737 6737
6935 6935
1659 1659
2141 2141
1767 1767
2237 2238
1096 1096
1109 1109
4359 4359
7125 7125
1809 1809
1876 1876
2712 2712
1725 1725
4807 4807
2293 2293
1267 1268
1946 1946
6928 6928
691 691
7116 7116
2673 2673
7220 7220
2085 2085
2561 2561
2134 2134
1768 1768
6933 6933
1523 1523
5586 5586
971 971
1067 1067
7173 7173
6937 6937
6019 6019
6768 6768
3201 3201
7151 7151
6759 6759
567 567
1162 1162
5101 5101
1666 1666
1570 1570
1693 1693
2191 2191
3301 3301
2319 2319
3048 3048
2616 2616
3761 3761
1642 1642
1603 1603
7226 7226
1689 1689
1537 1537
1502 1502
6546 6546
7210 7210
1304 1304
1028 1028
1283 1283
6870 6870
1456 1456
2061 2061
6585 6585
1600 1600
1014 1014
1898 1898
6003 6003
6784 6784
3906 3906
7211 7211
1354 1354
1434 1434
6047 6047
1482 1482
1063 1063
468 468
7242 7242
841 841
7247 7247
6556 6556
2405 2405
4935 4935
5144 5144
1938 1938
1397 1397
5556 5556
2171 2171
2470 2470
6422 6422
7307 7307
1429 1430
1585 1585
4575 4575
7060 7060
7249 7249
7194 7194
1763 1763
6735 6735
7227 7227
6833 6833
1260 1260
1215 1216
7182 7182
1601 1601
1738 1738
2121 2121
6750 6750
1371 1371
4253 4253
1815 1815
1832 1832
6398 6398
4842 4842
704 704
920 920
4511 4511
2613 2613
779 779
3499 3499
1575 1575
4592 4592
6897 6897
2122 2122
843 844
3359 3359
7138 7138
2546 2546
6025 6025
1579 1579
6017 6017
2797 2797
2504 2504
7185 7185
3416 3416
984 985
4298 4298
6947 6947
2253 2253
1703 1703
1187 1187
2421 2421
1311 1311
1850 1850
1321 1321
6996 6996
6819 6819
2409 2409
3245 3245
5616 5616
7147 7147
7176 7176
2286 2286
1561 1561
2532 2532
7179 7179
1662 1662
6625 6625
1221 1221
1122 1122
861 861
2084 2084
7174 7174
2706 2706
7193 7193
1325 1325
7239 7239
5125 5125
5328 5328
2615 2615
2200 2200
1183 1183
4858 4858
2107 2107
1196 1196
2741 2741
1920 1920
7221 7221
1330 1330
1322 1322
7197 7197
6451 6451
3503 3503
2355 2355
7246 7246
1510 1511
2175 2175
3084 3084
7207 7207
5704 5704
3003 3004
1401 1401
2003 2003
3114 3114
7163 7163
7269 7269
1382 1383
1892 1892
1318 1318
2379 2379
7206 7206
2053 2053
1746 1746
1426 1426
7093 7093
1819 1819
7076 7076
2841 2842
7241 7241
7181 7181
7082 7082
6083 6083
1672 1672
1477 1477
6355 6355
1800 1800
2009 2009
7180 7180
1053 1053
1315 1316
3632 3632
7251 7251
6779 6779
1976 1976
7257 7257
7260 7260
1591 1591
2563 2563
7254 7254
7202 7202
1338 1338
7258 7258
2446 2446
7256 7256
2785 2785
6321 6321
909 909
7252 7252
7243 7243
3474 3474
1737 1737
1713 1713
7253 7253
7148 7148
4447 4447
7259 7259
3216 3216
7288 7288
1608 1608
7045 7045
3435 3435
3157 3157
1975 1975
2298 2298
1587 1587
4856 4856
1362 1362
1340 1340
7308 7308
676 676
2054 2054
1323 1323
2644 2645
7261 7261
6974 6974
1002 1002
4362 4362
2351 2351
1970 1970
6128 6128
2183 2183
1652 1652
1998 1998
7299 7299
6627 6627
6932 6932
546 546
1499 1499
7231 7231
7287 7287
1433 1433
7062 7062
7290 7290
916 916
2493 2493
2334 2334
846 846
1759 1759
2867 2867
2519 2519
7291 7291
1376 1376
7292 7292
7276 7276
6233 6233
2090 2090
2812 2812
1866 1866
1574 1574
3856 3856
7154 7154
1152 1152
1643 1643
2916 2916
5284 5284
6987 6987
6672 6672
6539 6539
1810 1810
1279 1279
2382 2382
5356 5356
1307 1307
6713 6713
3444 3444
7294 7294
6861 6861
830 830
2894 2894
1041 1041
3287 3287
7295 7295
7008 7008
7266 7266
6054 6054
811 811
6747 6747
3073 3073
