57582903 484647371
1
sift 83
979 1629
44 59
82 86
1031 1558
14 13
20 16
45 38
23 21
625 1200
38 30
176 224
72 73
36 26
1428 2222
43 35
278 305
127 124
41 39
2002 2223
52 51
51 48
106 109
115 158
661 1291
65 60
893 1448
103 91
108 88
2106 2307
375 491
597 1216
1997 1646
87 78
2229 2938
173 182
881 1620
120 137
95 80
122 106
916 719
130 144
1932 1364
101 100
5789 4642
128 170
137 123
1226 2011
179 191
462 632
151 129
487 415
113 104
218 184
162 132
168 166
404 366
146 176
289 264
295 263
172 219
12526 13537
479 346
723 949
257 208
1276 1605
701 685
575 390
1352 810
586 1039
9336 15669
337 535
358 227
1032 674
895 564
466 300
753 349
363 256
554 559
689 417
1576 2003
1080 880
651 362
1112 895
57582903 1828385752
1
sift 176
952 1596
44 47
3 2
9090 10294
13 9
74 32
12066 13014
109 94
18 13
7305 8342
82 101
80 86
7913 8248
201 206
30 15
12177 13214
14 12
1395 1608
140 182
1405 584
20 21
98 85
53 67
2361 1169
26 30
59 49
45 62
79 52
429 409
152 148
72 163
37 46
43 61
760 598
67 177
1084 867
52 60
99 74
325 362
124 104
652 638
221 146
106 144
405 313
278 518
322 222
103 118
51 65
115 188
138 108
93 122
596 801
881 1003
419 209
2767 16720
2105 1702
271 331
275 256
128 211
65 91
173 293
6680 7548
256 309
95 123
131 184
6677 7439
120 166
101 120
122 214
326 376
447 571
331 493
462 1123
5120 4031
130 274
137 181
151 248
181 155
236 368
436 415
197 251
483 328
684 1150
11886 12920
113 158
1024 976
297 449
288 348
5034 2505
846 583
701 1072
168 281
219 351
355 208
1276 2144
12669 13716
208 264
9543 10836
295 413
369 314
625 1413
457 316
1379 2089
404 474
608 840
561 392
3584 16787
378 512
833 1042
887 654
1352 1407
502 319
661 1249
417 300
163 387
601 769
2147 3580
550 427
164 266
434 244
238 525
292 249
498 1018
1032 972
257 340
615 579
1554 3099
530 703
667 1066
475 358
239 374
353 552
390 862
720 960
482 979
442 916
407 457
703 547
1161 1376
1054 772
479 1073
1229 957
928 1219
562 460
1002 2258
820 597
966 1602
1013 944
955 1401
395 341
864 745
858 1235
1115 856
610 760
1051 1322
1973 1587
556 385
999 3719
1526 1006
1285 544
2113 1540
4582 4736
1191 1209
1669 1794
1979 1815
816 722
449 414
898 1040
2072 2053
2235 2071
1870 1464
2201 1333
4851 3021
8308 12396
1206 748
1852 2390
377902763 1664237988
1
sift 71
33 68
75 113
311 340
102 172
1235 902
70 121
1545 878
723 1322
43 65
1458 947
49 67
178 231
2105 1662
3662 4046
486 448
572 613
2279 1955
463 567
101 149
361 535
717 688
604 699
1516 755
3502 3588
146 171
602 674
1064 1047
1313 1952
3659 2479
2731 5210
82 120
11541 6924
116 126
11642 10256
166 184
12704 11411
793 528
12944 7968
327 240
12851 11982
279 228
9829 12224
378 233
13880 13101
1013 1017
13870 13087
508 209
13868 13083
385 399
14327 13615
302 297
11340 9935
910 1101
8876 7396
414 519
2234 1886
1223 982
10533 6803
3654 3779
3037 2537
467 602
14940 14421
560 598
12205 15206
2039 2329
836 887
502 605
1093 806
15355 14897
617 650
1908 1399
483328431 484647371
1
sift 100
5498 7386
17 13
24 34
1570 1558
63 27
598 1865
1478 2984
1921 1785
1097 1200
84 37
49 94
93 38
60 82
106 66
139 234
102 115
436 452
231 182
110 180
163 124
605 773
182 106
180 266
160 109
239 481
2112 2011
269 327
142 144
225 345
320 246
404 517
1179 632
14047 14686
624 565
788 987
1370 1269
151 339
232 129
261 569
268 229
705 1235
206 169
7308 14916
230 132
251 333
350 218
1009 1009
826 811
309 521
520 342
11118 11540
1182 1023
1953 3781
354 208
322 581
272 200
1704 1205
315 172
452 918
863 460
11258 13508
462 227
267 684
370 289
8823 9739
645 411
10100 10498
348 212
10187 14288
854 643
244 338
837 552
592 1232
1147 494
1232 1941
892 439
1466 897
961 313
922 1121
1210 1238
1689 2176
831 444
2048 3116
1255 473
313 567
2681 1481
1337 2635
704 1015
560 1753
2165 2299
1330 607
1590 2731
417 815
1225 1417
1326 1869
992 1392
14171 14743
2431 2655
1742 1436
1871 1378
483328431 1828385752
1
sift 145
479 493
87 83
12 15
6542 9809
17 12
28 33
3220 2663
159 114
744 859
45 28
547 533
22 21
598 1169
38 30
157 218
330 394
172 549
63 46
111 209
50 40
139 268
319 383
188 222
81 63
338 313
90 67
195 185
293 182
2544 3625
972 778
134 153
823 775
239 379
508 331
118 109
401 303
3433 3314
1397 1503
5568 4543
120 91
225 415
163 152
4863 5228
307 435
151 168
182 214
269 376
2093 2621
6876 7638
607 498
404 378
426 660
291 314
321 1711
257 263
624 932
242 244
232 248
7715 9172
559 813
322 319
2803 4419
7729 9075
238 418
452 583
2110 4655
309 316
259 281
373 622
1097 1413
267 392
826 1406
287 338
359 380
8893 10814
337 429
12280 13911
350 431
9320 11177
190 265
9332 11189
405 474
9468 14855
229 387
9634 11471
2179 12892
9631 15081
1698 2181
592 825
638 979
265 299
564 905
13241 15488
890 994
10082 12031
956 1099
391 772
794 1602
8632 10432
1087 1061
14205 16410
1543 1251
10521 10352
1609 1800
585 562
778 745
14202 16328
1595 944
416 341
13909 16026
548 385
1065 744
360 896
1049 1446
1189 1456
732 489
651 946
10038 11994
1497 2123
817 669
1419 722
2165 3000
627 410
3532 2086
1196 945
1538 866
534 728
1225 1559
2044 1709
2581 3044
14117 16290
2169 2947
1660 1040
816 884
14996 17068
988 1057
14313 16573
3461 3737
365 444
14375 16654
1684 1270
1950 1449
2339 2121
2494 2679
1297 749
