30772916 57582903 151871065 265677930 377902763 483328431 484647371 1369316392 1573809520 1664237988 1828385752
57582903 151871065 265677930 377902763 483328431 484647371 1369316392 1573809520 1664237988 1828385752
151871065 265677930 377902763 483328431 484647371 1369316392 1573809520 1664237988 1828385752
265677930 377902763 483328431 484647371 1369316392 1573809520 1664237988 1828385752
377902763 483328431 484647371 1369316392 1573809520 1664237988 1828385752
483328431 484647371 1369316392 1573809520 1664237988 1828385752
484647371 1369316392 1573809520 1664237988 1828385752
1369316392 1573809520 1664237988 1828385752
1573809520 1664237988 1828385752
1664237988 1828385752
