0 -0.028718713670969009 -0.9123842716217041 3.1045575141906738 66 144 131 0 57582903 14 483328431 17 484647371 13 1828385752 12
1 -0.10273970663547516 -0.9142952561378479 3.1125400066375732 64 144 117 0 57582903 20 483328431 22 484647371 16 1828385752 21
2 0.038916051387786865 -0.96724212169647217 3.1792981624603271 51 124 107 0 57582903 23 484647371 21
3 0.015673991292715073 -0.92812436819076538 3.1128005981445312 237 229 240 0 57582903 36 484647371 26
4 -0.069799467921257019 -0.93792265653610229 3.1320986747741699 210 216 214 0 57582903 38 484647371 30
5 -0.029298108071088791 1.1525366306304932 4.604062557220459 47 39 36 0 483328431 24 484647371 34
6 -0.1493297666311264 -0.98410326242446899 3.1981222629547119 230 232 231 0 57582903 43 484647371 35 1828385752 61
7 0.083421774208545685 -0.98228806257247925 3.1866638660430908 99 147 131 0 483328431 84 484647371 37
8 -0.038260113447904587 -1.1086940765380859 3.3359103202819824 122 148 139 0 57582903 45 483328431 93 484647371 38 1828385752 62
9 -0.13414621353149414 -0.94062429666519165 3.1316976547241211 231 230 238 0 57582903 41 484647371 39
10 -0.13501062989234924 -0.9175686240196228 3.1247415542602539 99 138 119 0 57582903 51 484647371 48 1828385752 65
11 -0.056597337126731873 -0.93528038263320923 3.1294617652893066 233 244 236 0 57582903 52 484647371 51 1828385752 60
12 0.00092235737247392535 -1.0435621738433838 3.2678225040435791 246 246 246 0 57582903 44 484647371 59 1828385752 47
13 0.092062212526798248 -0.98601913452148438 3.190340518951416 105 146 132 0 57582903 65 483328431 120 484647371 60 1828385752 91
14 -0.16351799666881561 -0.93503367900848389 3.1445121765136719 122 149 140 0 483328431 106 484647371 66
15 -0.066486351191997528 -1.0994313955307007 3.3226754665374756 243 249 247 0 57582903 72 484647371 73 1828385752 163
16 -0.083563484251499176 -0.93041718006134033 3.1213431358337402 216 230 231 0 57582903 87 484647371 78
17 -0.011369895190000534 -0.93643826246261597 3.132568359375 238 253 255 0 57582903 95 484647371 80 1828385752 123
18 -0.010332799516618252 0.95667201280593872 4.4499602317810059 77 59 37 0 483328431 60 484647371 82
19 0.11260301619768143 -0.92817533016204834 3.120389461517334 249 243 229 0 57582903 82 484647371 86 1828385752 101
20 -0.035276364535093307 -0.94080698490142822 3.1311295032501221 62 119 112 0 57582903 108 484647371 88
21 -0.19366800785064697 -1.0323441028594971 3.2519278526306152 231 248 232 0 57582903 103 484647371 91 1828385752 118
22 0.11087027192115784 0.90338635444641113 4.3974318504333496 90 72 50 0 483328431 49 484647371 94
23 -0.10469780117273331 -0.93330615758895874 3.1355879306793213 86 141 122 0 57582903 101 484647371 100 1828385752 120
24 -0.14829003810882568 -0.95996224880218506 3.1608827114105225 110 136 127 0 57582903 113 484647371 104 1828385752 158
25 0.0066325189545750618 -0.91104030609130859 3.1089248657226562 218 232 235 0 57582903 122 483328431 182 484647371 106 1828385752 214
26 0.084078595042228699 -1.0266838073730469 3.2389123439788818 138 159 152 0 57582903 106 483328431 160 484647371 109 1828385752 144
27 -0.14316694438457489 -0.93417173624038696 3.1278183460235596 240 240 240 0 483328431 102 484647371 115
28 0.049768209457397461 -0.94713032245635986 3.1442477703094482 211 237 228 0 57582903 137 484647371 123 1828385752 181
29 -0.14043250679969788 -1.0084272623062134 3.2152318954467773 120 146 137 0 57582903 127 483328431 163 484647371 124 1828385752 152
30 0.074130453169345856 -0.9578481912612915 3.1585917472839355 210 225 220 0 57582903 151 483328431 232 484647371 129 1828385752 248
31 0.040567111223936081 -1.1069971323013306 3.3341741561889648 155 163 150 0 57582903 162 483328431 230 484647371 132
32 -0.13556370139122009 -1.081274151802063 3.3009860515594482 231 243 239 0 57582903 120 484647371 137 1828385752 166
33 -0.018717473372817039 -1.0100517272949219 3.2139322757720947 176 183 176 0 57582903 130 483328431 142 484647371 144 1828385752 274
34 -0.083882324397563934 -0.97761911153793335 3.1768684387207031 249 247 248 0 57582903 115 484647371 158 1828385752 188
35 0.076130300760269165 -0.92552053928375244 3.1217222213745117 163 172 169 0 57582903 168 483328431 259 484647371 166 1828385752 281
36 -0.11907802522182465 -1.0957342386245728 3.319955587387085 230 249 243 0 483328431 206 484647371 169
37 -0.14696581661701202 -1.0625380277633667 3.2770776748657227 233 251 239 0 57582903 128 484647371 170 1828385752 211
38 0.094391658902168274 -0.96855401992797852 3.1702661514282227 202 235 224 0 483328431 315 484647371 172
39 -0.13608729839324951 -1.1009016036987305 3.3276238441467285 137 142 136 0 57582903 146 484647371 176
40 -0.31687021255493164 0.98479527235031128 4.7090649604797363 129 120 105 0 483328431 110 484647371 180
41 -0.044123299419879913 -0.98979347944259644 3.1892199516296387 255 255 255 0 57582903 173 483328431 231 484647371 182 1828385752 293
42 -0.084909185767173767 -0.99612140655517578 3.1970136165618896 129 150 151 0 57582903 218 484647371 184
43 -0.047705046832561493 -1.03001868724823 3.2415339946746826 111 132 127 0 57582903 179 484647371 191
44 -0.10109701007604599 -1.1059979200363159 3.3305702209472656 237 242 236 0 483328431 272 484647371 200
45 -0.064578503370285034 -0.98226428031921387 3.183178186416626 169 169 169 0 57582903 257 483328431 354 484647371 208 1828385752 340
46 0.10011916607618332 -1.074088454246521 3.2943413257598877 179 175 172 0 483328431 348 484647371 212
47 0.074563890695571899 -1.0364868640899658 3.2479422092437744 216 239 231 0 483328431 350 484647371 218 1828385752 431
48 -0.15599207580089569 -1.0893982648849487 3.3077938556671143 140 142 141 0 57582903 172 484647371 219
49 0.11447255313396454 -1.0583605766296387 3.2757620811462402 162 173 169 0 57582903 358 483328431 462 484647371 227
50 -0.11532981693744659 -0.98475641012191772 3.1916043758392334 152 169 163 0 483328431 268 484647371 229
51 -0.27699604630470276 0.90244001150131226 4.5473332405090332 102 89 73 0 483328431 139 484647371 234 1828385752 268
52 -0.10304582864046097 -0.98641330003738403 3.1904470920562744 231 250 244 0 483328431 320 484647371 246
53 0.071654006838798523 -1.0470631122589111 3.2599084377288818 154 169 164 0 57582903 363 484647371 256
54 -0.08057837188243866 -1.0762323141098022 3.2951405048370361 192 224 213 0 57582903 295 484647371 263 1828385752 413
55 -0.11662051826715469 -0.95699769258499146 3.1496334075927734 165 170 176 0 57582903 289 484647371 264
56 -0.25562053918838501 1.0293296575546265 4.6661272048950195 117 109 106 0 483328431 180 484647371 266
57 -0.0011592634255066514 -0.99750936031341553 3.2042355537414551 149 164 159 0 483328431 370 484647371 289
58 0.10251063108444214 -1.064340353012085 3.2944014072418213 224 241 235 0 57582903 466 484647371 300
59 0.050378434360027313 -0.8671843409538269 3.0682590007781982 238 219 204 0 57582903 278 484647371 305 1828385752 518
60 0.12878964841365814 -1.0304896831512451 3.2431867122650146 177 183 173 0 483328431 961 484647371 313
61 -0.1416100412607193 1.0661857128143311 4.5835127830505371 130 124 112 0 483328431 251 484647371 333
62 0.20326812565326691 0.86919033527374268 4.3878970146179199 79 61 39 0 483328431 244 484647371 338
63 0.178294837474823 0.91070115566253662 4.410212516784668 69 57 41 0 483328431 151 484647371 339 1828385752 168
64 -0.071127265691757202 -0.96985280513763428 3.172755241394043 223 244 237 0 483328431 520 484647371 342
65 -0.084263131022453308 -1.0074746608734131 3.2115323543548584 217 232 227 0 57582903 479 484647371 346 1828385752 1073
66 -0.010544655844569206 -0.98055297136306763 3.1771574020385742 158 173 176 0 57582903 753 484647371 349
67 -0.065955512225627899 -1.0823465585708618 3.3146045207977295 171 190 184 0 57582903 651 484647371 362
68 -0.1121194064617157 -0.94428771734237671 3.1433308124542236 240 246 244 0 57582903 404 483328431 405 484647371 366 1828385752 474
69 0.046050086617469788 -0.93600267171859741 3.1280622482299805 161 175 178 0 57582903 575 484647371 390
70 -0.041242498904466629 -0.96430027484893799 3.1643333435058594 212 235 227 0 483328431 645 484647371 411
71 -0.026710744947195053 -1.053335428237915 3.2702789306640625 226 241 236 0 57582903 487 484647371 415
72 0.10897092521190643 -0.98020315170288086 3.1924254894256592 187 214 205 0 57582903 689 484647371 417
73 0.13347837328910828 -1.016637921333313 3.2288732528686523 175 184 167 0 483328431 892 484647371 439
74 -0.1691255122423172 -0.98295551538467407 3.1912519931793213 118 137 131 0 483328431 831 484647371 444
75 -0.15339715778827667 0.9577629566192627 4.518251895904541 150 132 110 0 483328431 436 484647371 452
76 -0.015029941685497761 -1.0213116407394409 3.2272882461547852 240 242 241 0 483328431 863 484647371 460
77 -0.049039248377084732 -1.0815880298614502 3.2999324798583984 228 239 235 0 483328431 1255 484647371 473
78 0.15699781477451324 0.88235592842102051 4.4114351272583008 87 68 54 0 483328431 239 484647371 481 1828385752 379
79 0.1793973445892334 -0.95357441902160645 3.1533219814300537 215 196 182 0 57582903 375 484647371 491
80 0.11352802067995071 -1.0486607551574707 3.2638781070709229 223 228 231 0 483328431 1147 484647371 494
81 0.18109199404716492 0.87491142749786377 4.3920607566833496 139 119 110 0 483328431 404 484647371 517 1828385752 378
82 -0.047026894986629486 -1.0077391862869263 3.2032918930053711 179 176 183 0 57582903 337 484647371 535
83 0.069255731999874115 -1.0042132139205933 3.2059957981109619 176 191 186 0 483328431 837 484647371 552
84 -0.029507750645279884 -1.0205985307693481 3.2211260795593262 155 170 165 0 57582903 554 484647371 559
85 0.15503388643264771 -1.0993195772171021 3.3247342109680176 206 193 184 0 57582903 895 484647371 564
86 0.15441100299358368 -1.0991703271865845 3.3196213245391846 220 209 191 0 483328431 624 484647371 565 1828385752 932
87 -0.1251232922077179 0.93125665187835693 4.4715561866760254 87 69 47 0 483328431 313 484647371 567
88 -0.28649145364761353 0.84515154361724854 4.5069713592529297 91 73 51 0 483328431 261 484647371 569
89 -0.06154564768075943 0.60374355316162109 5.0899863243103027 174 168 156 0 483328431 1330 484647371 607
90 0.16517265141010284 -0.93500834703445435 3.1313049793243408 231 219 203 0 57582903 462 483328431 1179 484647371 632 1828385752 1123
91 -0.015900958329439163 -0.96165919303894043 3.1563823223114014 203 218 213 0 483328431 854 484647371 643
92 -0.033431660383939743 -0.97833317518234253 3.1784188747406006 186 197 193 0 57582903 1032 484647371 674 1828385752 972
93 0.088577151298522949 -1.0791956186294556 3.2923521995544434 255 253 254 0 57582903 701 484647371 685 1828385752 1072
94 -0.17055968940258026 0.8706086277961731 4.4659061431884766 157 139 117 0 483328431 605 484647371 773
95 0.17539097368717194 -1.0818766355514526 3.2961230278015137 228 216 200 0 57582903 1352 484647371 810 1828385752 1407
96 0.17398263514041901 -1.0829973220825195 3.2995908260345459 228 216 200 0 483328431 826 484647371 811 1828385752 1406
97 0.30531510710716248 0.97834110260009766 4.6316351890563965 107 99 96 0 483328431 417 484647371 815
98 -0.012579954229295254 -1.0614231824874878 3.2818243503570557 238 242 241 0 57582903 1080 484647371 880
99 -0.097854636609554291 -1.032595157623291 3.2414810657501221 198 212 215 0 57582903 1112 484647371 895
100 -0.089479193091392517 -1.167553186416626 3.4166724681854248 210 198 184 0 57582903 723 484647371 949
101 -0.05074864998459816 0.88137340545654297 4.4752802848815918 155 131 105 0 483328431 788 484647371 987
102 -0.10013221949338913 0.87963896989822388 4.4890885353088379 130 106 80 0 483328431 1009 484647371 1009
103 -0.30699586868286133 0.91545820236206055 4.6038417816162109 89 79 54 0 483328431 704 484647371 1015
104 0.1991715282201767 -1.0393081903457642 3.2489676475524902 219 206 197 0 483328431 1182 484647371 1023
105 -0.038066733628511429 -1.1493808031082153 3.3869128227233887 209 202 183 0 57582903 586 484647371 1039
106 -0.05386006087064743 0.90545576810836792 4.4145607948303223 133 110 76 0 483328431 922 484647371 1121
107 -0.26122236251831055 -1.0763773918151855 3.3017535209655762 230 218 202 0 57582903 625 483328431 1097 484647371 1200 1828385752 1413
108 -1.0908644199371338 1.7362560033798218 4.2906284332275391 93 84 85 0 483328431 1704 484647371 1205
109 -0.12098301947116852 -0.85704386234283447 3.0338010787963867 215 202 193 0 57582903 597 484647371 1216
110 -0.0097625544294714928 0.88417309522628784 4.4444985389709473 154 136 114 0 483328431 592 484647371 1232 1828385752 825
111 -0.22015996277332306 0.85469967126846313 4.4613966941833496 139 121 99 0 483328431 705 484647371 1235
112 -0.0024924164172261953 -0.96510535478591919 3.1632237434387207 174 189 184 0 483328431 1210 484647371 1238
113 0.17578703165054321 -1.0664082765579224 3.2793402671813965 255 244 235 0 483328431 1370 484647371 1269
114 -0.27494090795516968 -1.0704686641693115 3.2976479530334473 224 212 196 0 57582903 661 484647371 1291 1828385752 1249
115 0.18407092988491058 -0.93414682149887085 3.1331219673156738 243 226 216 0 57582903 1932 484647371 1364
116 -0.33676901459693909 0.97206008434295654 4.7307186126708984 102 97 91 0 483328431 1871 484647371 1378
117 -0.16388614475727081 1.0507187843322754 4.5856504440307617 92 86 72 0 483328431 992 484647371 1392
118 -0.038239002227783203 0.97883552312850952 4.486966609954834 158 140 118 0 483328431 1225 484647371 1417 1828385752 1559
119 -0.10895451158285141 1.0045121908187866 4.4856200218200684 142 130 114 0 483328431 1742 484647371 1436
120 -0.046789065003395081 -0.79724341630935669 3.0061757564544678 206 194 178 0 57582903 893 484647371 1448
121 -1.1300274133682251 1.6295959949493408 4.2225160598754883 57 49 46 0 483328431 2681 484647371 1481
122 -0.26637926697731018 -1.0429410934448242 3.2718861103057861 238 224 215 0 57582903 1031 483328431 1570 484647371 1558
123 -0.024825802072882652 -1.1556611061096191 3.3978898525238037 255 252 240 0 57582903 1276 484647371 1605 1828385752 2144
124 -0.023798570036888123 -0.80107927322387695 3.0061507225036621 225 208 192 0 57582903 881 484647371 1620 1828385752 1003
125 -0.29572120308876038 -1.041272759437561 3.2524290084838867 252 233 226 0 57582903 979 484647371 1629
126 0.085535921156406403 -1.1279683113098145 3.3596391677856445 253 243 234 0 57582903 1997 484647371 1646
127 0.14504131674766541 0.91211217641830444 4.4144864082336426 148 131 111 0 483328431 560 484647371 1753
128 -0.64212501049041748 1.1989012956619263 4.7806358337402344 90 82 79 0 483328431 1921 484647371 1785
129 0.15506471693515778 0.85029184818267822 4.3958592414855957 102 83 69 0 483328431 1326 484647371 1869
130 0.11192940175533295 0.96721309423446655 4.4701356887817383 146 134 118 0 483328431 1232 484647371 1941
131 -0.1535315066576004 -1.1432621479034424 3.3918001651763916 249 230 215 0 57582903 1576 484647371 2003
132 0.10900174826383591 -0.9029354453086853 3.0960333347320557 247 234 225 0 57582903 1226 483328431 2112 484647371 2011
133 -0.26803937554359436 0.875102698802948 4.5154709815979004 139 121 99 0 483328431 1689 484647371 2176
134 -0.25454875826835632 -1.08436119556427 3.3243799209594727 243 230 221 0 57582903 1428 484647371 2222
135 -0.25438201427459717 -1.0834810733795166 3.2741422653198242 244 230 219 0 57582903 2002 484647371 2223
136 -0.27239915728569031 0.92768758535385132 4.5635776519775391 118 106 90 0 483328431 2165 484647371 2299 1828385752 3000
137 -0.25708025693893433 -1.1058121919631958 3.3373093605041504 243 231 219 0 57582903 2106 484647371 2307
138 -0.29178261756896973 0.91196745634078979 4.5806379318237305 124 114 89 0 483328431 1337 484647371 2635
139 -0.22013106942176819 0.86139929294586182 4.4568629264831543 137 119 97 0 483328431 2431 484647371 2655
140 -0.27029499411582947 0.84438008069992065 4.5073761940002441 155 137 115 0 483328431 1590 484647371 2731
141 -0.22292019426822662 -1.1177709102630615 3.3590207099914551 230 211 197 0 57582903 2229 484647371 2938
142 -0.11776484549045563 -0.78614425659179688 3.0021281242370605 229 217 201 0 483328431 1478 484647371 2984
143 0.077104285359382629 0.87389856576919556 4.2935361862182617 107 89 67 0 483328431 2048 484647371 3116
144 -0.11967342346906662 0.89076977968215942 4.4557647705078125 150 132 110 0 483328431 1953 484647371 3781
145 0.013446146622300148 -0.86223381757736206 3.0370790958404541 239 226 217 0 57582903 5789 484647371 4642
146 -0.98252373933792114 1.3108483552932739 5.4504351615905762 90 82 79 0 483328431 11258 484647371 13508
147 -0.15587209165096283 1.3615092039108276 4.7596368789672852 83 75 72 0 483328431 10187 484647371 14288
148 0.027922786772251129 1.2004292011260986 4.7147049903869629 55 54 49 0 483328431 7308 484647371 14916
149 0.88864129781723022 1.5933670997619629 5.7322969436645508 71 71 71 0 57582903 3 1828385752 2
150 -0.20084689557552338 -0.98948276042938232 3.236163854598999 89 147 135 0 57582903 13 1828385752 9
151 0.27060025930404663 0.93490982055664062 4.6297597885131836 123 110 101 0 57582903 18 1828385752 13
152 -0.19843873381614685 1.1521883010864258 4.6922240257263184 53 54 48 0 57582903 30 483328431 12 1828385752 15
153 -0.13261082768440247 -0.9589112401008606 3.1584901809692383 203 215 211 0 483328431 45 1828385752 28
154 -0.06710314005613327 -0.90693759918212891 3.1053626537322998 68 145 127 0 57582903 26 483328431 38 1828385752 30
155 -0.28175309300422668 1.8143256902694702 5.6323766708374023 97 89 86 0 57582903 74 1828385752 32
156 0.097344152629375458 1.0482780933380127 4.6044821739196777 141 129 113 0 483328431 28 1828385752 33
157 0.030821127817034721 -0.95731246471405029 3.1452233791351318 94 145 128 0 483328431 50 1828385752 40
158 0.015631243586540222 -0.92804855108261108 3.1234827041625977 247 241 243 0 57582903 37 483328431 63 484647371 27 1828385752 46
159 0.21901953220367432 0.84809154272079468 4.4438266754150391 180 163 133 0 57582903 59 1828385752 49
160 0.11192606389522552 0.91001158952713013 4.4204158782958984 66 48 26 0 57582903 79 1828385752 52
161 -0.083268940448760986 -0.93793338537216187 3.1390426158905029 242 248 246 0 483328431 81 1828385752 63
162 -0.17153918743133545 -1.0114448070526123 3.2206838130950928 89 154 132 0 57582903 53 483328431 90 1828385752 67
163 -0.0044326595962047577 0.95542991161346436 4.4491848945617676 68 49 35 0 57582903 99 1828385752 74
164 -0.17280614376068115 -1.065041184425354 3.235443115234375 255 250 236 0 483328431 87 1828385752 83
165 0.038048028945922852 0.89656317234039307 4.4873905181884766 158 140 118 0 57582903 98 1828385752 85
166 -0.42136600613594055 0.99441874027252197 4.7569403648376465 87 79 76 0 57582903 80 1828385752 86
167 -0.12949301302433014 -1.1248773336410522 3.3543961048126221 255 250 238 0 57582903 109 1828385752 94
168 0.28620186448097229 0.9932863712310791 4.6513481140136719 155 144 138 0 57582903 124 1828385752 104
169 0.20782078802585602 0.7967255711555481 4.4581713676452637 181 166 143 0 57582903 138 1828385752 108
170 0.20433679223060608 0.80339914560317993 4.489112377166748 181 166 143 0 483328431 118 1828385752 109
171 0.070437699556350708 -1.1072267293930054 3.3452906608581543 255 248 245 0 483328431 159 1828385752 114
172 -0.20106466114521027 -1.0606391429901123 3.3012566566467285 151 148 139 0 57582903 93 1828385752 122
173 0.026634030044078827 0.81742089986801147 4.5327033996582031 105 93 77 0 57582903 221 1828385752 146
174 0.15554089844226837 0.86976903676986694 4.4236516952514648 111 92 78 0 57582903 152 1828385752 148
175 0.071849383413791656 1.095361590385437 4.5941410064697266 126 120 108 0 483328431 134 1828385752 153
176 0.19169092178344727 0.82477188110351562 4.4476313591003418 90 70 61 0 57582903 181 1828385752 155
177 -0.14023534953594208 -1.0448184013366699 3.2748701572418213 142 169 160 0 57582903 67 1828385752 177
178 -0.055093999952077866 -1.1392772197723389 3.3655581474304199 255 248 238 0 57582903 140 483328431 293 1828385752 182
179 -0.11993261426687241 -0.9875185489654541 3.1939456462860107 157 168 164 0 57582903 131 1828385752 184
180 0.23001325130462646 1.0260637998580933 4.5699052810668945 137 125 109 0 483328431 195 1828385752 185
181 -0.011600491590797901 -1.1377081871032715 3.3605844974517822 254 248 236 0 57582903 201 1828385752 206
182 -0.14801301062107086 1.0694553852081299 4.5958390235900879 123 115 112 0 57582903 355 1828385752 208
183 -0.25069704651832581 0.96575969457626343 4.5849795341491699 87 75 59 0 57582903 419 483328431 111 1828385752 209
184 -0.14901155233383179 0.77990734577178955 4.8303580284118652 115 102 85 0 483328431 157 1828385752 218
185 0.22261469066143036 0.92212843894958496 4.4792451858520508 163 153 128 0 57582903 322 483328431 188 1828385752 222
186 -0.17928682267665863 1.0573400259017944 4.6053581237792969 138 132 120 0 57582903 434 483328431 242 1828385752 244
187 0.12329603731632233 0.87245506048202515 4.4023680686950684 164 145 131 0 57582903 292 1828385752 249
188 0.096878774464130402 -0.96843576431274414 3.1631906032562256 207 233 224 0 57582903 197 1828385752 251
189 0.14914616942405701 0.91904735565185547 4.4253010749816895 129 117 101 0 57582903 275 1828385752 256
190 0.2492024302482605 0.99174124002456665 4.5451593399047852 81 69 53 0 483328431 257 1828385752 263
191 -0.16437274217605591 -0.97237217426300049 3.1846382617950439 206 238 227 0 57582903 208 1828385752 264
192 -0.069167979061603546 -1.1196396350860596 3.3484833240509033 188 190 176 0 483328431 190 1828385752 265
193 -0.070010930299758911 -1.1208953857421875 3.3553609848022461 188 190 176 0 57582903 164 1828385752 266
194 0.14340253174304962 0.8179815411567688 4.4303741455078125 180 163 143 0 483328431 265 1828385752 299
195 0.14624941349029541 0.81089907884597778 4.3958940505981445 180 163 143 0 57582903 417 1828385752 300
196 -0.12936046719551086 -1.1608366966247559 3.3859264850616455 232 217 198 0 483328431 401 1828385752 303
197 -0.038379888981580734 -1.1310008764266968 3.3701632022857666 244 245 231 0 57582903 256 1828385752 309
198 0.065776363015174866 0.74276638031005859 4.3941593170166016 141 122 108 0 57582903 405 483328431 338 1828385752 313
199 0.10779813677072525 1.085605263710022 4.5856776237487793 136 130 118 0 57582903 369 483328431 291 1828385752 314
200 0.16507430374622345 0.83053117990493774 4.4087800979614258 168 150 128 0 57582903 457 483328431 309 484647371 521 1828385752 316
201 0.18513946235179901 1.0131635665893555 4.5203762054443359 75 65 40 0 57582903 502 483328431 322 484647371 581 1828385752 319
202 -0.035735532641410828 0.95343196392059326 4.4512081146240234 149 131 109 0 57582903 483 1828385752 328
203 -0.25908231735229492 -0.9389265775680542 3.141840934753418 220 207 198 0 57582903 271 483328431 508 1828385752 331
204 -0.014908171258866787 0.84765899181365967 4.4827375411987305 114 97 69 0 483328431 287 1828385752 338
205 0.30331724882125854 0.9752504825592041 4.6264538764953613 111 103 100 0 57582903 395 483328431 416 1828385752 341
206 -0.047512799501419067 -0.9748455286026001 3.1777870655059814 158 173 168 0 57582903 288 1828385752 348
207 -0.086989454925060272 -0.99690437316894531 3.2074716091156006 186 192 190 0 57582903 219 1828385752 351
208 0.19608764350414276 0.83199632167816162 4.422605037689209 191 173 149 0 57582903 475 1828385752 358
209 0.043375562876462936 -1.163322925567627 3.3857405185699463 222 210 194 0 57582903 325 1828385752 362
210 -0.18162959814071655 -1.0645687580108643 3.2979488372802734 242 251 248 0 57582903 236 1828385752 368
211 -0.027327500283718109 -1.1229252815246582 3.3611037731170654 157 174 155 0 57582903 239 1828385752 374
212 0.17780247330665588 0.84247499704360962 4.3957619667053223 99 80 66 0 57582903 326 483328431 269 484647371 327 1828385752 376
213 0.056708954274654388 -0.9221833348274231 3.1161215305328369 245 254 251 0 483328431 359 1828385752 380
214 0.19450941681861877 -1.0277407169342041 3.2391526699066162 224 212 196 0 483328431 319 1828385752 383
215 0.30340862274169922 0.99364292621612549 4.6488714218139648 186 178 175 0 57582903 556 483328431 548 1828385752 385
216 0.04144258052110672 -1.1081306934356689 3.3357281684875488 179 181 168 0 57582903 163 483328431 229 1828385752 387
217 0.1109752357006073 0.88068276643753052 4.4060907363891602 81 63 41 0 57582903 561 483328431 267 484647371 684 1828385752 392
218 0.12901319563388824 -0.85907506942749023 3.0496647357940674 252 244 241 0 483328431 330 1828385752 394
219 0.11183624714612961 -0.77979207038879395 3.0600757598876953 233 221 207 0 57582903 429 1828385752 409
220 0.052466697990894318 0.7295113205909729 4.3564462661743164 104 92 76 0 483328431 627 1828385752 410
221 0.19810421764850616 0.88250356912612915 4.4275588989257812 98 80 58 0 57582903 449 1828385752 414
222 -0.022052435204386711 0.99199634790420532 4.5022287368774414 89 71 51 0 57582903 436 483328431 225 484647371 345 1828385752 415
223 0.040594812482595444 -1.0301506519317627 3.2318234443664551 180 192 188 0 483328431 238 1828385752 418
224 0.2704194188117981 0.99063080549240112 4.6019363403320312 96 91 71 0 57582903 550 1828385752 427
225 -0.11623599380254745 -0.95570594072341919 3.1543319225311279 185 191 189 0 483328431 337 1828385752 429
226 -0.070198982954025269 -0.7829015851020813 2.9924829006195068 183 164 150 0 483328431 307 1828385752 435
227 0.098603963851928711 0.88055026531219482 4.3851428031921387 173 155 133 0 483328431 365 1828385752 444
228 -0.15738838911056519 -1.1493632793426514 3.3779399394989014 215 197 175 0 57582903 297 1828385752 449
229 0.020903721451759338 -0.98260706663131714 3.1956379413604736 204 237 226 0 57582903 407 1828385752 457
230 0.25143182277679443 1.0305355787277222 4.6306390762329102 152 140 124 0 57582903 562 1828385752 460
231 0.31773313879966736 0.96961992979049683 4.6443839073181152 112 104 101 0 483328431 732 1828385752 489
232 -0.27812379598617554 -0.97405880689620972 3.1837813854217529 218 206 190 0 57582903 331 483328431 479 1828385752 493
233 0.073978304862976074 -0.93717366456985474 3.1293203830718994 229 248 242 0 57582903 378 1828385752 512
234 0.10125855356454849 -1.0737782716751099 3.2908902168273926 189 192 185 0 57582903 238 1828385752 525
235 1.7969403266906738 -2.3298821449279785 8.5480804443359375 77 69 66 0 483328431 547 1828385752 533
236 -0.31722983717918396 0.87568491697311401 4.5635190010070801 96 84 68 0 57582903 1285 1828385752 544
237 0.25500279664993286 1.0097445249557495 4.6114587783813477 66 60 46 0 57582903 703 1828385752 547
238 -0.43880492448806763 0.85205799341201782 4.7793045043945312 97 89 86 0 483328431 172 1828385752 549
239 0.015082201920449734 -0.9717944860458374 3.1744430065155029 196 228 217 0 57582903 353 1828385752 552
240 0.016065625473856926 1.0315519571304321 4.4709687232971191 150 144 132 0 483328431 585 1828385752 562
241 -0.059221062809228897 -1.1302533149719238 3.3671834468841553 248 249 235 0 57582903 447 1828385752 571
242 0.020317103713750839 1.0346798896789551 4.5204982757568359 75 69 57 0 57582903 615 1828385752 579
243 0.14114893972873688 0.89445602893829346 4.4030065536499023 70 51 37 0 57582903 846 483328431 452 484647371 918 1828385752 583
244 0.2163093090057373 0.97809731960296631 4.5337710380554199 75 63 47 0 57582903 820 1828385752 597
245 0.29174178838729858 1.1786495447158813 4.7976408004760742 93 85 82 0 57582903 760 1828385752 598
246 -0.1068546250462532 0.8245387077331543 4.6168088912963867 92 74 60 0 483328431 373 1828385752 622
247 0.085939086973667145 -0.82056939601898193 3.0062906742095947 233 216 206 0 57582903 652 1828385752 638
248 0.015506971627473831 0.7991950511932373 4.5581560134887695 117 105 89 0 57582903 887 1828385752 654
249 0.23691584169864655 -1.0554759502410889 3.2575738430023193 215 207 204 0 483328431 426 1828385752 660
250 0.17228932678699493 0.99958103895187378 4.4894227981567383 145 134 112 0 483328431 817 1828385752 669
251 0.11869899928569794 -0.9873390793800354 3.19077467918396 172 186 186 0 57582903 530 1828385752 703
252 0.19750197231769562 0.86435413360595703 4.4004321098327637 177 159 137 0 57582903 816 483328431 1419 1828385752 722
253 -0.18890994787216187 1.0520743131637573 4.5963835716247559 132 126 114 0 483328431 534 1828385752 728
254 0.21026690304279327 1.0115625858306885 4.4700751304626465 132 119 102 0 483328431 1065 1828385752 744
255 0.20280593633651733 1.0589079856872559 4.6142568588256836 132 119 102 0 57582903 864 483328431 778 1828385752 745
256 0.1804942786693573 0.9529339075088501 4.474614143371582 93 81 65 0 57582903 1206 1828385752 748
257 0.1816108375787735 0.94305145740509033 4.4396357536315918 93 81 65 0 483328431 1297 1828385752 749
258 0.063345335423946381 1.0329246520996094 4.4935526847839355 139 129 119 0 57582903 610 1828385752 760
259 0.057563632726669312 -1.0164004564285278 3.2160651683807373 182 197 192 0 57582903 601 1828385752 769
260 -0.057081405073404312 0.96956801414489746 4.5047121047973633 103 85 63 0 57582903 1054 483328431 391 1828385752 772
261 -0.12226115167140961 -0.85553395748138428 3.0460457801818848 235 222 213 0 483328431 823 1828385752 775
262 -0.087711714208126068 -0.80011355876922607 2.9813039302825928 213 201 185 0 483328431 972 1828385752 778
263 -0.12583689391613007 -0.85774224996566772 3.0619947910308838 235 222 213 0 57582903 596 1828385752 801
264 0.031098565086722374 -1.0334745645523071 3.231788158416748 248 248 248 0 483328431 559 1828385752 813
265 -0.2528807520866394 -1.0952380895614624 3.3208069801330566 227 208 193 0 57582903 608 1828385752 840
266 0.13969379663467407 0.84962868690490723 4.4057812690734863 89 71 49 0 57582903 1115 1828385752 856
267 -1.640297532081604 -0.59088593721389771 6.6787996292114258 73 65 62 0 483328431 744 1828385752 859
268 -0.0037129477132111788 -1.101285457611084 3.3284714221954346 233 239 237 0 57582903 390 1828385752 862
269 0.26175913214683533 0.96747857332229614 4.5200934410095215 132 127 107 0 483328431 1538 1828385752 866
270 0.38159316778182983 -0.40022957324981689 3.7410333156585693 128 120 117 0 57582903 1084 1828385752 867
271 -0.12934368848800659 1.0556914806365967 4.5571250915527344 84 76 73 0 483328431 816 1828385752 884
272 0.18101491034030914 0.89825659990310669 4.3960309028625488 74 62 46 0 483328431 360 1828385752 896
273 0.071024864912033081 -0.94807541370391846 3.1471056938171387 166 189 181 0 483328431 564 1828385752 905
274 0.12184319645166397 -0.97003704309463501 3.1710205078125 183 191 193 0 57582903 442 1828385752 916
275 0.0026989514008164406 0.93441915512084961 4.4485797882080078 139 121 99 0 57582903 1013 483328431 1595 1828385752 944
276 0.23204264044761658 1.0009088516235352 4.5219616889953613 95 83 67 0 483328431 1196 1828385752 945
277 -0.2287663072347641 0.78669387102127075 4.8185286521911621 153 135 113 0 483328431 651 1828385752 946
278 -0.019471678882837296 0.92474806308746338 4.4141659736633301 93 76 48 0 57582903 1229 1828385752 957
279 0.12352564185857773 0.83910030126571655 4.413672924041748 151 133 111 0 57582903 720 1828385752 960
280 -0.1078018844127655 0.9948233962059021 4.4933319091796875 140 128 112 0 57582903 1024 1828385752 976
281 -0.017527597025036812 -1.1160359382629395 3.3480732440948486 217 237 226 0 57582903 482 483328431 638 1828385752 979
282 0.069466471672058105 -0.98713159561157227 3.1899707317352295 104 146 132 0 483328431 890 1828385752 994
283 -0.1120564341545105 0.97286546230316162 4.4714269638061523 104 96 83 0 57582903 1526 1828385752 1006
284 0.067506387829780579 -1.0223815441131592 3.2399263381958008 217 232 227 0 57582903 498 1828385752 1018
285 0.15332818031311035 0.82181715965270996 4.4088025093078613 119 101 77 0 57582903 898 483328431 1660 1828385752 1040
286 0.068045414984226227 -1.1522564888000488 3.3707394599914551 226 214 198 0 57582903 833 1828385752 1042
287 0.043128561228513718 1.0213048458099365 4.5084104537963867 143 130 121 0 483328431 988 1828385752 1057
288 -0.0075523857958614826 -1.0904004573822021 3.3188331127166748 188 194 192 0 483328431 1087 1828385752 1061
289 0.00059269729536026716 -0.97277736663818359 3.1576628684997559 222 234 230 0 57582903 667 1828385752 1066
290 0.12557600438594818 -1.0448580980300903 3.2608325481414795 197 196 194 0 483328431 956 1828385752 1099
291 0.009624323807656765 -1.1245310306549072 3.349517822265625 255 251 239 0 57582903 684 1828385752 1150
292 -0.34130465984344482 1.1829904317855835 4.8588652610778809 87 79 76 0 484647371 1865 1828385752 1169
293 0.3462880551815033 0.96882855892181396 4.7517728805541992 114 106 103 0 57582903 1191 1828385752 1209
294 -0.22233718633651733 -1.1227234601974487 3.3507044315338135 214 202 186 0 57582903 928 1828385752 1219
295 0.023392084985971451 -0.99113380908966064 3.1943330764770508 176 195 189 0 57582903 858 1828385752 1235
296 0.095033518970012665 -0.99742704629898071 3.201810359954834 234 243 240 0 483328431 1543 1828385752 1251
297 0.17452372610569 0.93476778268814087 4.4208164215087891 125 113 97 0 483328431 1684 1828385752 1270
298 -0.17194108664989471 -0.98300397396087646 3.197603702545166 109 156 146 0 57582903 1051 1828385752 1322
299 0.1516156941652298 0.80006474256515503 4.3915262222290039 133 121 105 0 57582903 2201 1828385752 1333
300 0.018778638914227486 -1.0688151121139526 3.2903885841369629 250 250 250 0 57582903 1161 1828385752 1376
301 0.013227051123976707 -0.98658949136734009 3.1941614151000977 175 201 192 0 57582903 955 1828385752 1401
302 -0.30172926187515259 0.90093702077865601 4.5882444381713867 130 112 98 0 483328431 1049 1828385752 1446
303 -0.25345250964164734 0.8443952202796936 4.4563174247741699 148 137 115 0 483328431 1950 1828385752 1449
304 -0.29322755336761475 0.92970281839370728 4.5968246459960938 100 81 66 0 483328431 1189 1828385752 1456
305 -0.27059358358383179 0.85708749294281006 4.5014681816101074 93 82 60 0 57582903 1870 1828385752 1464
306 0.23531228303909302 -0.96977794170379639 3.2972409725189209 225 216 211 0 483328431 1397 1828385752 1503
307 0.19467604160308838 1.0361565351486206 4.5713596343994141 83 71 49 0 57582903 2113 1828385752 1540
308 0.086289592087268829 0.95527207851409912 4.4492588043212891 128 116 100 0 57582903 1973 1828385752 1587
309 -0.29163271188735962 -0.99037247896194458 3.215132474899292 253 241 225 0 57582903 952 1828385752 1596
310 -0.10470268875360489 -1.0057220458984375 3.1988098621368408 208 227 221 0 57582903 966 483328431 794 1828385752 1602
311 -0.037958312779664993 -0.7823682427406311 3.0278129577636719 225 213 197 0 57582903 2105 1828385752 1702
312 0.15536990761756897 0.97936552762985229 4.4586634635925293 149 137 121 0 483328431 2044 1828385752 1709
313 0.23368817567825317 -0.82290208339691162 3.3727095127105713 172 166 154 0 483328431 321 1828385752 1711
314 0.13063016533851624 0.88722902536392212 4.4064631462097168 112 93 79 0 57582903 1669 1828385752 1794
315 0.13379140198230743 -0.97021013498306274 3.1427266597747803 235 234 230 0 483328431 1609 1828385752 1800
316 0.0092677371576428413 0.96680593490600586 4.4780426025390625 91 72 58 0 57582903 1979 1828385752 1815
317 0.21315282583236694 0.96448433399200439 4.5222692489624023 123 113 88 0 57582903 2072 1828385752 2053
318 -0.030805554240942001 0.9263572096824646 4.4396295547485352 154 137 109 0 57582903 2235 1828385752 2071
319 0.20000143349170685 0.9524463415145874 4.5108489990234375 108 96 80 0 483328431 3532 1828385752 2086
320 0.18272574245929718 -1.0696038007736206 3.2782814502716064 255 246 230 0 57582903 1379 1828385752 2089
321 0.15169993042945862 0.8493925929069519 4.4102425575256348 132 114 92 0 483328431 2339 1828385752 2121
322 -0.21787329018115997 0.88412648439407349 4.4554123878479004 161 148 131 0 483328431 1497 1828385752 2123
323 -0.25385844707489014 -1.0812705755233765 3.2991077899932861 255 243 226 0 483328431 1698 1828385752 2181
324 -0.019516965374350548 -0.986347496509552 3.1941981315612793 231 241 233 0 57582903 1002 1828385752 2258
325 0.2068856954574585 0.82951104640960693 4.4670920372009277 147 128 113 0 57582903 1852 1828385752 2390
326 -0.062575265765190125 -0.80311250686645508 3.00874924659729 218 200 188 0 57582903 5034 1828385752 2505
327 0.088802643120288849 -1.1285315752029419 3.3602786064147949 252 246 234 0 483328431 2093 1828385752 2621
328 -0.3374997079372406 -0.97434806823730469 3.1864259243011475 235 227 224 0 483328431 3220 1828385752 2663
329 -0.28891798853874207 0.81729543209075928 4.483741283416748 133 121 105 0 483328431 2494 1828385752 2679
330 0.18889428675174713 0.80762636661529541 4.4632434844970703 142 124 102 0 483328431 2169 1828385752 2947
331 -0.010346120223402977 0.93443292379379272 4.4719452857971191 112 94 72 0 57582903 4851 1828385752 3021
332 -0.059882164001464844 0.31236201524734497 4.3916621208190918 101 93 90 0 483328431 2581 1828385752 3044
333 0.060034532099962234 -1.1637167930603027 3.3867514133453369 251 239 223 0 57582903 1554 1828385752 3099
334 -0.037371039390563965 -1.1758915185928345 3.4000844955444336 255 245 236 0 57582903 2147 1828385752 3580
335 -0.22021278738975525 1.1696735620498657 4.7830777168273926 58 53 49 0 483328431 2544 1828385752 3625
336 -0.10022666305303574 -0.99615228176116943 3.2030882835388184 209 218 215 0 57582903 999 1828385752 3719
337 -0.16842949390411377 0.97226643562316895 4.499847412109375 119 107 91 0 483328431 3461 1828385752 3737
338 0.26012676954269409 1.1917126178741455 4.8421354293823242 75 67 64 0 57582903 5120 1828385752 4031
339 -0.057310089468955994 -0.79356443881988525 2.9976348876953125 222 201 184 0 483328431 2803 1828385752 4419
340 1.8418647050857544 -3.145158052444458 8.2680883407592773 236 223 214 0 483328431 5568 1828385752 4543
341 -0.076268963515758514 -0.79035753011703491 2.986635684967041 219 200 185 0 483328431 2110 1828385752 4655
342 1.8218811750411987 -3.0012266635894775 8.1862640380859375 236 223 214 0 483328431 4863 1828385752 5228
343 -1.3089295625686646 -2.8841791152954102 5.9060554504394531 245 239 227 0 57582903 7305 1828385752 8342
344 -1.4079071283340454 -0.52360856533050537 6.2782235145568848 87 79 76 0 483328431 7729 1828385752 9075
345 -1.4123928546905518 -0.49077129364013672 6.266667366027832 96 88 85 0 483328431 7715 1828385752 9172
346 -2.0959286689758301 -1.921605110168457 5.5471129417419434 236 223 214 0 57582903 9090 1828385752 10294
347 -1.7568175792694092 -0.56356668472290039 7.8439474105834961 94 86 83 0 483328431 10521 1828385752 10352
348 1.8287769556045532 -2.3096506595611572 10.524609565734863 121 113 110 0 483328431 8893 1828385752 10814
349 1.8005881309509277 -2.2895162105560303 10.535113334655762 117 109 106 0 483328431 9320 1828385752 11177
350 1.8949556350708008 -2.3438153266906738 10.522632598876953 117 109 106 0 483328431 9332 1828385752 11189
351 1.6872131824493408 -1.9836150407791138 8.4075126647949219 117 109 106 0 483328431 9634 1828385752 11471
352 1.4175426959991455 -2.2102575302124023 9.5777311325073242 106 98 95 0 483328431 10038 1828385752 11994
353 -0.6276736855506897 1.2574783563613892 5.0393829345703125 90 82 79 0 483328431 10082 1828385752 12031
354 0.22928161919116974 0.87193518877029419 5.5511283874511719 139 131 128 0 57582903 8308 1828385752 12396
355 0.13366095721721649 -0.9055790901184082 3.1066756248474121 250 237 228 0 483328431 2179 1828385752 12892
356 0.23230235278606415 0.43297171592712402 1.6864602565765381 90 82 79 0 57582903 11886 1828385752 12920
357 -2.098160982131958 -1.9209064245223999 5.5473728179931641 236 223 214 0 57582903 12177 1828385752 13214
358 -1.9282710552215576 -0.22590687870979309 6.7195582389831543 107 99 96 0 57582903 12669 1828385752 13716
359 -1.5863794088363647 -0.37612155079841614 6.9038090705871582 107 99 96 0 483328431 9631 1828385752 15081
360 -1.7072259187698364 -0.67812997102737427 6.9628739356994629 70 62 59 0 483328431 13241 1828385752 15488
361 -1.4383546113967896 -0.66971421241760254 6.8601808547973633 82 74 71 0 483328431 13909 1828385752 16026
362 -1.4186224937438965 -0.51721811294555664 6.218815803527832 90 82 79 0 483328431 14117 1828385752 16290
363 3.5207476615905762 -4.3428754806518555 16.693025588989258 92 84 81 0 483328431 14202 1828385752 16328
364 -1.5910947322845459 -0.57696318626403809 7.8946442604064941 107 99 96 0 483328431 14205 1828385752 16410
365 1.9110003709793091 -2.6522164344787598 10.755752563476562 99 91 88 0 483328431 14313 1828385752 16573
366 -1.4150999784469604 -0.486246258020401 6.2524347305297852 96 88 85 0 483328431 14375 1828385752 16654
367 0.19586953520774841 -1.1990513801574707 5.0567646026611328 49 41 38 0 57582903 3584 1828385752 16787
