240788223 263704130
1
sift 263
1113 340
676 475
60 75
607 303
522 279
8484 12390
899 417
1497 961
516 847
2045 1303
868 594
880 573
4743 1721
885 613
558 674
705 240
925 697
165 129
5640 2967
399 313
6169 7574
999 676
1433 1345
388 323
7099 2913
1045 857
2008 942
854 375
11287 12425
176 148
11449 8299
1309 998
598 474
14582 9017
2014 1453
4114 1729
1634 1484
1508 1005
2394 1327
4843 587
517 472
969 774
423 372
1027 826
1367 1117
315 334
1458 1084
713 432
1975 1378
1141 1147
848 882
820 500
259 214
1075 805
1310 1013
269 310
808 727
2218 1199
860 656
1525 1185
1216 1183
3257 2566
5695 1526
4842 2426
1069 931
221 223
1713 1362
8707 11800
1051 738
1573 1259
1028 881
1004 755
5638 6545
15142 6193
2469 2388
837 671
2021 1544
644 463
3157 2480
1564 1754
524 483
2906 2280
3024 2897
1117 921
1152 880
1704 1460
2757 2037
3484 3971
3091 2117
1665 1631
4192 2312
1312 902
10317 2772
3463 2026
1209 885
5041 2075
1511 1243
2561 2600
1260 1056
1915 1856
5208 4886
4562 2181
492 441
2769 1950
2538 2873
1813 1931
1681 1523
2376 2065
1820 1292
1792 1311
14908 16490
2639 2202
1735 1582
1110 698
1440 1069
2553 2057
2866 1847
2389 3427
1732 1204
1766 1660
282 245
2798 3287
6867 4796
1656 980
2301 2003
1052 873
4353 4302
530 465
8673 8188
4903 4057
2032 2200
3147 2011
1164 971
2496 1645
2286 2393
1313 1124
2467 1771
1040 746
3717 2066
2227 1626
2122 1627
4692 3728
3345 2175
5432 2982
1691 1373
3444 4104
4656 3288
2270 7174
2033 1245
2616 1911
1586 1108
4697 5560
1877 1380
4583 3313
3159 2551
4128 4054
2500 1901
1762 1628
2549 1826
3971 4383
989 836
2868 1957
4135 2966
5726 4577
3721 2758
1947 2549
2744 1989
918 652
2611 1893
3416 2713
4185 3798
3430 3597
964 852
2203 1768
2340 2220
3641 3887
4836 4364
3208 2329
5858 2601
2528 1727
914 785
2944 2784
862 662
3912 2904
3206 2781
4346 5595
2607 1875
3371 8584
5257 5406
3892 3571
5656 6363
3849 6716
1194 1008
5470 3910
3252 3641
1355 1408
3035 2042
2254 2172
3836 2443
2148 1841
1262 1162
3261 2995
1283 1146
5010 5213
3562 2414
1100 1025
2065 2099
1267 1370
2659 2034
3596 3449
2395 2109
3992 3383
4741 5184
3412 2461
2011 2047
1372 819
8173 6678
2629 2403
5540 6383
2326 2545
1776 1922
4755 6498
4644 6131
3215 2674
3383 2858
2778 2842
3531 3464
1235 666
2834 2998
3120 3448
8510 13594
4818 4990
3197 2444
7028 4979
4039 3129
4526 13040
4701 6051
1287 1530
7195 7189
5808 5464
4732 5868
4007 3142
3409 3162
6736 4343
3149 3005
6168 10928
6159 5178
6138 8433
4689 4800
3997 3835
2619 2587
4239 6369
4074 2975
4492 5327
5004 6061
5608 5023
3575 2951
10753 13918
5241 4419
4218 3567
7021 5148
3658 4834
4301 5215
240788223 327837308
1
sift 897
218 326
49 49
101 117
775 769
97 131
69 85
1220 1261
88 113
195 233
4292 6254
239 354
3921 7348
519 508
181 196
203 207
15184 18587
404 425
488 727
629 745
153 183
190 211
2182 3578
205 209
3672 5478
288 261
245 358
187 215
348 431
473 550
1011 945
372 449
193 220
415 455
18147 18615
310 534
610 841
428 405
123 147
501 610
1118 1671
510 655
957 929
1566 1913
198 271
435 489
1837 991
254 420
776 836
2283 2667
267 308
418 510
1223 1882
211 225
887 859
5680 9252
305 372
2402 2477
3603 5653
240 268
829 999
992 911
706 800
2588 4394
2991 4464
206 202
352 472
9726 15248
246 341
587 845
1384 1898
518 558
3087 3360
13135 17807
2106 1867
447 467
2049 2870
217 263
511 646
567 614
309 332
398 601
1653 1936
429 432
2896 3328
531 591
303 416
6034 12058
2159 1891
192 280
3132 5773
13324 18094
462 713
1436 1349
8106 16446
1526 2056
4440 5458
14247 16861
340 346
390 532
6730 7111
639 645
1114 1079
3295 3569
765 772
2111 2855
8534 14182
437 516
678 846
14104 17055
589 586
1618 1869
2078 3247
414 393
1790 2486
3623 4375
548 577
2520 4083
3613 4466
694 989
892 1003
8889 15556
263 312
491 580
1622 1861
1034 897
2479 2993
342 390
330 381
944 997
5769 7451
521 659
2134 3027
1257 1965
335 422
368 680
2983 4388
209 288
3365 2852
5649 8572
380 504
487 637
4388 6315
326 413
608 676
1338 1148
227 243
1601 1626
1389 1944
234 252
3094 2919
1430 1495
284 321
2865 4551
2972 4383
617 896
4938 5593
2052 2074
289 356
2383 5283
5248 5986
374 450
1850 1011
2559 3425
278 319
773 768
2642 3169
904 978
2903 4921
4795 4259
2417 2287
972 1529
3251 4374
850 918
1425 1623
1719 1894
219 247
717 790
731 880
2833 4380
1951 3183
699 939
708 754
1412 2038
5021 5890
4948 4653
504 547
940 903
216 219
4203 5106
15704 18652
291 329
3291 5381
528 493
3561 3723
1904 1817
588 616
786 799
685 926
3301 4805
9575 18087
416 514
5571 6648
893 1066
1638 1721
6222 5205
552 571
3349 4852
994 1042
4482 5520
13368 17842
1240 1220
2040 2345
881 1035
1435 1200
1445 1932
497 561
4179 5572
1259 1793
2878 3594
4979 5404
543 762
1167 1210
823 815
3268 4861
2630 4171
1064 1596
2012 3168
478 451
4272 6203
1467 1813
898 916
5963 7723
1144 1168
1964 1688
5062 5637
1137 1171
1869 2162
930 1054
2206 3456
3424 3991
689 888
4141 4997
287 334
2434 3249
1056 1312
834 1199
1606 2115
745 1154
3873 5880
3978 5294
2253 3837
2655 2440
3768 5114
2263 2723
3466 5200
748 716
1757 1749
385 434
2517 2631
2475 3945
603 583
3796 5796
449 436
4820 5000
2790 3274
354 386
2848 2495
312 363
4357 6322
3568 5650
467 618
1353 2843
322 379
3223 3184
4846 5785
2110 3432
2643 3192
1378 1485
2602 3255
6906 16358
977 1071
1833 1888
978 1098
3234 3226
1738 1901
465 660
3155 4999
1568 1347
7955 16221
17877 19016
407 460
3063 4305
1369 944
1464 1491
9047 14516
419 477
1849 1581
555 575
5661 6743
1248 973
6976 11462
228 259
4572 3138
572 597
1662 1763
844 1089
4215 4438
1424 1361
1781 2055
1187 1051
5097 4855
1286 1430
4151 6552
1675 1864
8905 12963
724 729
4885 3899
901 1091
2267 2845
906 1400
3453 5492
1122 1947
8555 14080
710 808
2023 3785
557 629
6188 11210
1668 1733
5815 14055
849 1075
1587 1290
1822 2302
2821 3133
347 397
7818 7151
4865 6303
3265 3893
669 717
2124 3387
917 1008
3913 5103
2083 3907
6016 5966
1689 2699
3312 5062
1576 1516
6288 10694
729 709
2841 4100
2916 4331
2781 3337
3078 5214
7033 10483
556 710
2489 4306
2079 3852
4726 5465
6175 9391
3645 2892
811 819
1774 2276
1106 1291
6645 11334
4514 6192
2171 2853
1269 1472
5433 4376
532 578
2765 4744
459 560
4662 4402
1823 2621
2764 2956
953 1275
5422 5307
991 936
5631 9145
2220 3187
4002 3763
1115 1391
3114 4044
461 495
6570 6715
454 523
5370 11162
4585 5218
4103 7356
1405 1513
6810 8091
1903 2784
1584 2895
3504 3777
544 686
997 1100
1851 2003
1855 1955
996 1651
3730 6492
3904 6159
938 1021
3384 6122
2620 4494
3716 4764
3333 3275
648 789
778 904
6031 10559
1359 1490
1534 2004
6999 9587
824 1164
381 403
4400 5689
1636 1836
894 1118
4164 5057
734 884
3022 2410
2844 3668
2361 2435
3314 4447
4524 10005
1010 1044
438 503
5558 8029
546 563
496 566
6606 5376
540 572
2628 5111
5913 6288
1456 1682
1423 2575
3886 6381
2582 2890
954 1123
2881 3196
1840 3691
1060 1350
3915 4622
1514 1477
732 894
6821 9696
2097 2617
2200 1737
7055 11289
1871 2070
2654 3495
7203 14554
2422 3165
1298 1679
5536 8110
1461 1638
1599 2202
3346 6036
1160 1549
2414 3665
1477 1710
2180 4214
3202 5683
1154 1242
2594 5496
1778 1807
2920 4539
1293 1847
1131 1518
1392 1504
747 862
784 1083
5793 8007
1380 1161
2701 3231
625 735
986 1027
679 912
5696 6398
3617 5954
867 795
1053 1241
580 569
2107 2738
3940 4356
2436 3035
2004 2546
864 1034
1334 1591
3240 5355
1239 1512
630 626
2989 4365
6536 6423
2103 2414
3374 3411
1404 1546
1201 1618
800 950
2615 6001
1328 1884
886 1029
2755 3219
1001 1645
1361 3534
945 961
4922 5931
1827 3203
1178 1322
1470 1222
896 996
506 531
4414 4497
3472 5664
2860 4012
1938 1860
1496 1454
1959 1777
971 1223
2725 4088
1936 2857
1408 2054
2157 2311
976 1128
1005 1155
2198 3977
2378 2758
2488 3429
1554 1904
2748 6336
595 628
2091 2190
1513 2963
1063 1876
1177 1357
1522 1426
1093 1269
3293 4423
2388 3281
1090 1059
1603 2267
718 775
2627 3549
1375 2255
3664 5807
1403 1868
1391 1841
4458 6483
1761 1971
1186 1344
2273 2537
605 651
4499 5093
3170 5184
1386 2587
2068 2368
2113 2427
1718 1342
1663 2024
5845 7737
1180 1438
1683 1683
2224 3102
4221 6297
1868 4029
3808 6232
1872 3619
1443 1407
1173 1582
2672 4719
2211 2136
703 838
952 1080
5979 7498
870 877
1208 1209
4914 6305
2393 2452
1139 1425
1595 1739
1777 2365
1616 1554
1733 2137
5167 5005
1836 1844
5203 6118
2595 2804
3792 5144
2577 2377
2823 4808
1943 2000
3408 3701
2128 2548
1626 1687
2289 3029
988 854
1528 1585
1504 1666
1594 2500
1020 917
2084 2779
1789 2214
3955 4206
4010 4509
1669 2194
2223 3248
2140 3200
3243 4792
1088 1103
1368 1665
3125 4178
1299 2097
3930 4302
2455 4151
2424 3030
5721 7270
1082 1771
2385 2610
3483 4123
3246 3797
980 948
2367 3171
2420 2436
2454 1871
1494 1646
2623 2955
2412 3885
1608 2344
1970 2460
3006 4199
1853 2022
2827 5174
1357 1563
2226 2415
4085 4912
1613 1659
2870 3303
3134 3730
3448 5597
2457 2742
1542 1954
1500 1711
2853 2847
1292 1225
1035 1215
1962 1713
1325 1192
2133 2821
1996 3564
2135 2043
2857 2713
1390 1422
3175 3749
1111 1187
1560 1848
1335 1150
2869 2396
3046 3843
2010 3687
2700 5400
1843 2556
2859 3221
1531 2485
5669 5575
960 935
1549 1797
1360 2185
4473 5833
1698 1541
1203 1447
2089 2036
5439 11106
1128 1046
5341 9398
3096 3735
3806 4667
1696 1537
2526 4797
2679 3163
4282 5199
3003 3081
3507 4265
2229 2577
1563 1816
2799 2817
1228 1293
3608 4513
2196 1751
4205 5038
3875 4773
2445 4192
3277 5518
1315 1592
2783 5352
1362 1911
1640 1689
2150 2416
1674 1976
1611 1935
1655 1673
2952 4642
4554 5394
1558 2402
4779 6378
2737 3126
6238 6388
4811 4252
3112 3298
1492 1398
1251 1748
3029 3488
3443 3938
2163 2096
4961 5045
3239 3792
3927 5067
3154 4518
2919 4707
4816 5267
5826 9228
3447 3990
2337 2765
1371 1489
3461 3799
2543 3618
1641 2197
1835 2008
6051 9019
1985 3120
3166 3076
1481 1276
2384 2492
3541 5635
2308 2462
2951 4500
3191 4917
5126 6265
5268 8090
1677 2213
2665 3269
1472 1542
6798 11934
6531 8184
5215 6673
1096 1614
3150 6132
3129 4584
4570 4268
3407 5207
4722 4915
2626 3197
1956 1649
6607 10948
1819 2158
2025 2040
4209 4760
3108 5408
1479 1795
4412 4147
5569 5937
2990 2677
4017 4585
3414 3933
2947 4587
1879 2073
2899 4296
1648 1938
3404 3932
5511 3841
4387 4964
1370 1991
2328 2374
2234 3093
5408 6176
2719 4814
2299 2991
3656 4624
2888 4048
4260 4581
4045 5344
5517 6464
1737 1712
1748 2526
3290 4450
5055 5604
5191 6680
5444 6439
7161 8436
2439 4325
4965 8713
3410 3514
2077 2447
4930 4924
4559 5525
4909 5383
1976 4301
4935 10835
2537 2563
3741 5020
3491 5082
5319 3909
2939 4644
5806 7852
3382 5444
4162 7038
5476 6129
3142 4280
2545 4119
5384 7392
4946 6093
3926 5619
4537 5758
3095 5354
3100 3477
3725 9548
2290 3096
2564 3359
2968 5069
2069 2704
4131 6287
5772 7405
3140 3198
5048 6755
6050 9677
2932 3050
19985 6124
2162 2401
4081 5787
2046 2941
2280 3493
2873 4050
3848 3761
3718 5094
4942 5850
3889 3505
4705 5607
5042 5559
4851 5449
4262 3906
4087 3107
1969 2098
3555 7010
5158 7444
6408 10809
4535 5412
2193 1787
6207 5319
3041 3607
6152 7266
4520 6635
5082 5438
2035 3121
1999 1923
5972 7081
4183 4656
3543 5278
5335 5435
2739 5034
2625 4209
2596 3739
5113 7430
4193 5165
2258 3562
2793 3058
2935 2578
2119 2271
5939 7943
5225 5790
6909 8150
4296 4843
3193 4762
2397 2615
3090 4991
4684 4440
4427 5917
3753 4935
6173 5606
5594 4364
5223 5976
5095 5745
2597 4820
2934 4475
4328 4863
4941 5374
4250 4457
4602 3232
6241 7631
3903 5772
1874 1334
4382 3731
3213 4951
4777 5332
3438 4668
5459 5330
5451 4311
5247 6107
4211 5920
4360 5024
6827 4699
5970 6683
240788223 395353756
1
sift 171
148 99
199 172
522 284
1348 713
141 92
1303 655
676 540
10451 16116
1385 846
1955 1169
607 477
885 610
1314 654
1270 732
899 584
531 185
399 324
1058 673
1772 1102
2045 1347
526 302
999 611
6444 7356
2664 1680
8794 10747
481 352
868 597
1782 808
6100 8861
8889 6030
342 187
925 709
705 376
8774 8679
4490 2252
1091 717
1434 1588
853 499
4395 3137
3209 2258
1730 1573
1045 1109
842 441
14273 8612
1346 886
2636 2090
2014 1605
700 555
6429 8815
5506 3980
1506 1214
688 677
2471 1959
1592 1045
5062 2806
5058 3019
1634 1688
1587 851
6454 5979
4908 4307
2657 2631
2676 2509
3303 1963
4842 2271
7515 7834
6060 5782
969 817
5848 3305
5170 8937
1027 742
8509 8808
1458 1117
7957 3627
8939 8942
1141 1149
10165 10561
609 816
6896 6118
1367 1319
5314 2984
1310 1232
1051 754
1075 1126
4783 4025
808 774
6742 4072
1525 1348
7099 7084
878 939
6353 5084
5068 1591
4646 2926
1713 1431
3157 3472
1004 790
3031 3672
1604 1758
7406 7530
1069 1193
12075 9668
1573 1297
3091 2465
3257 4315
1564 2235
6219 1931
1074 892
2639 1595
2982 3100
1152 936
2757 2401
1656 1161
3136 2994
2469 3249
1732 1535
1312 1135
2209 2148
1820 1564
2021 2172
2906 3268
3463 2975
1511 1649
1209 1118
2496 2319
1260 1506
1681 2170
5432 4937
4656 2298
1792 1786
2034 1371
1110 899
7382 5928
9628 8644
1440 1679
2468 2183
12342 16361
2866 2876
2611 2180
5999 7702
1691 1727
2769 3212
11384 11185
2410 1785
2868 2268
5540 7430
3206 4052
3147 3582
7028 5302
3416 3877
2203 2669
4583 4726
2286 3899
4903 4871
5010 4669
3566 3819
2944 3979
4578 3225
2607 2783
3292 4763
9311 9498
7388 6565
3215 2534
2744 3031
2064 2477
3892 5740
5470 3862
2528 2998
4094 3338
9071 8624
3596 6331
4007 4680
3562 4062
240788223 526676255
1
sift 80
885 600
5868 264
399 338
999 573
700 668
1433 1012
1045 858
1974 1629
2014 1312
1309 847
2471 1774
1634 1501
1458 875
860 753
1027 632
969 721
2533 918
5576 5529
1367 897
1051 801
1141 1193
1075 853
3091 1923
808 649
871 629
1732 1099
878 712
1525 1029
2242 1589
1604 1218
2028 2229
5999 4243
1004 713
5323 3184
3912 2211
2639 1331
1069 1016
1016 872
1564 1369
1573 1458
1400 1260
1625 1197
1260 874
1312 973
1152 814
3136 2235
2838 1529
1665 1285
2209 1462
2557 1765
4477 3036
1511 1209
1792 1180
1110 765
1440 1148
2769 1654
2978 1722
4086 4063
3206 1658
2819 2160
4836 3977
2500 1761
2868 1723
2227 1563
2286 2126
2885 3697
7807 9143
2612 1929
2064 1545
2203 1678
2828 2200
3261 2575
4007 1694
4701 2922
3120 2059
2528 1747
9960 7143
3992 2184
6837 6510
10336 7221
240788223 647587664
1
sift 114
199 337
2664 3669
230 363
676 759
3091 3496
885 969
399 561
1820 1811
999 936
868 781
11529 4055
925 910
1433 1667
5726 4401
1045 1213
1634 1474
688 897
2014 1895
1309 1876
1310 1327
1458 1536
2676 2811
1027 1385
871 898
808 940
1525 1349
1075 1488
1713 1432
820 965
1069 1215
1625 1383
3257 3188
1564 1943
1604 1706
2021 1703
1400 1588
1004 1250
1665 1837
1573 1748
1117 1539
1152 1280
3136 2745
3016 3296
2538 2036
1915 2438
2897 2495
1209 1419
2914 2395
2209 2241
1511 1709
1792 1580
1260 1831
1440 1631
2639 3024
1681 2247
1766 1754
2301 2187
2866 2559
2227 1996
2285 3114
4086 3739
3102 2724
2468 2246
3148 2504
2944 2657
2819 2645
2616 1988
3721 2892
4692 4410
1691 2049
7697 5668
2340 2527
3261 3244
2611 2759
2326 2212
4353 4097
3180 3042
1977 3012
3430 3676
3206 2502
3292 3245
4069 2936
3416 3890
2148 2214
3892 3186
3215 3355
2065 2182
3245 2853
2607 3027
3253 3149
3956 3550
2320 2800
6837 5464
4007 3052
3596 3237
5578 4708
6065 4436
4818 4470
2011 2332
3562 3109
3019 2436
6298 4461
2868 3480
4094 2986
3119 3115
4290 3129
4219 3551
5399 4167
4244 4595
4089 4482
4577 4353
5607 4622
3997 2795
4273 5072
240788223 794848845
1
sift 120
653 848
558 439
264 407
5574 7063
2143 2294
880 571
628 490
4647 5747
4305 5913
1508 985
164 140
388 309
315 306
176 155
4114 2118
502 446
2008 1211
517 461
1216 1003
423 381
259 222
2389 911
269 299
242 199
941 1137
7003 10516
221 225
1218 913
2218 1691
6933 5604
5156 3098
524 487
3360 2328
3939 6417
837 651
1028 1111
985 638
1014 798
1813 1453
4974 4010
1978 1785
3484 2863
492 482
1911 845
3371 1198
2270 1942
7284 9134
4192 4107
4778 4417
1052 905
1735 1445
6613 5962
282 275
2076 2261
2553 2095
1164 955
2776 2378
2376 2203
7310 8874
3322 2057
4485 5687
6023 3964
3024 5552
2302 1430
825 773
7289 4450
2794 3010
1262 786
4128 2665
2571 1621
862 562
2122 1779
6498 4624
1947 1650
4825 4247
964 999
4185 5624
7826 7507
3444 4189
989 839
1877 1608
3455 4357
1194 811
918 806
4380 4124
1586 1664
3860 2907
3745 3597
1776 1504
5069 10300
4995 3224
1283 996
4741 3018
3208 3035
3338 1756
4642 4409
2404 3289
1229 1376
1279 1354
2357 2707
2629 2263
1281 1057
8410 7719
1624 1296
2778 2700
4379 10463
2201 1557
1815 1726
6110 6801
5622 5409
4011 5995
2369 2232
1981 1292
4735 2975
4187 3394
2619 1771
2470 2110
3088 2267
3197 2167
3775 2938
240788223 2147306674
1
sift 578
5921 4769
45 60
101 104
66 70
618 725
88 97
168 173
203 183
181 164
187 192
409 361
239 259
426 498
117 124
2402 2851
320 382
153 170
435 406
122 113
944 678
589 500
310 384
487 415
193 186
511 541
830 734
157 134
1618 1696
343 262
2520 2944
887 1068
268 231
1601 1327
211 185
678 611
597 446
240 234
2865 4045
1012 744
773 765
2896 3936
206 176
717 593
706 666
892 910
1495 4518
246 248
5453 13402
305 437
2040 2311
286 328
309 245
936 943
614 597
1869 1533
1378 1136
304 310
940 843
640 607
5446 3901
1114 722
765 704
786 658
758 548
4026 3376
1568 1453
414 347
6272 8731
263 238
1781 1513
1790 1411
448 442
2012 2360
548 531
1662 2241
199 227
335 321
3228 2702
380 366
2821 1959
230 319
521 432
3795 5006
209 218
4023 5497
546 385
284 263
2655 1774
850 477
4544 3244
3501 2762
235 219
1353 1988
219 193
5815 6601
1392 1141
280 254
3063 3586
291 244
2863 3312
4463 5068
2418 1531
6075 5819
216 187
3384 2881
2381 1658
289 343
3453 4477
731 579
7033 5824
4938 4248
552 471
4453 4264
588 486
3114 3228
1178 933
446 431
4727 4661
478 285
2602 3345
506 428
1144 691
2764 2091
994 738
2171 2714
885 766
1137 938
4461 5846
689 631
3803 5517
2903 4091
748 612
4110 5107
354 264
14049 15007
399 370
834 1065
1851 2055
977 698
4467 3868
2157 1450
3768 2998
6343 6058
385 399
4926 3526
4272 2785
572 479
5912 5789
229 213
4472 4598
1433 1204
322 338
5733 5413
669 542
3886 4338
3301 2826
843 973
2881 3006
1424 1044
2682 3996
5702 4700
555 441
6680 3591
1187 1052
6424 14081
4124 3238
556 451
4645 6865
709 545
10411 15069
1528 1080
729 520
7045 9958
849 930
5902 3535
2878 2189
1675 2130
7054 12511
459 462
6645 4712
1638 1488
3272 1718
860 782
991 853
18508 12440
4663 3444
1822 2384
7041 6125
1855 1651
11465 13552
1435 990
1576 1788
1051 812
3904 5010
925 705
1017 804
1732 1316
381 273
3448 1990
997 1104
1656 1311
938 869
3873 3977
1010 839
3463 2905
778 730
1964 1647
3537 3513
2034 1428
1534 1635
4704 4876
438 368
3912 3292
982 981
1045 994
1359 1470
894 821
4020 3778
2654 3733
2949 3253
1634 1317
1160 1201
2200 1304
2784 1911
2560 1607
625 464
3235 2821
648 889
3346 2403
2014 1383
2484 2392
1515 1248
5449 5330
1293 1241
3287 2428
1141 1069
1461 1405
1176 960
5576 6473
1778 1344
867 599
1963 1680
1399 1686
2594 3055
1027 779
2755 2047
1060 1636
1458 1462
864 948
3654 3855
4719 3658
1380 956
2435 1769
4572 3289
3617 3861
886 895
4045 5398
2488 1818
2198 2083
4946 4950
2860 2418
3342 2190
3838 2456
2107 1511
1938 1536
808 571
1328 1321
801 756
2124 2230
1936 1968
1470 980
1075 947
1959 1244
971 772
878 672
1090 776
2725 2631
2781 2442
1386 1579
2388 2009
5641 5104
3172 2934
2849 4676
1069 778
1447 1759
1404 1188
3543 3455
595 543
5168 3653
5192 4527
1186 1239
2565 1966
3645 2279
1683 1120
2926 1880
1564 1290
2855 3028
605 519
1604 1399
5679 3717
1192 1101
1573 1363
945 1056
718 681
5276 3786
2830 2052
2210 1627
1016 1157
783 679
1554 1775
1074 898
952 792
5425 4058
1915 1936
1443 1164
870 820
1152 912
2577 1711
704 670
3932 3082
1771 1669
1504 1072
1312 1087
1777 1540
3015 2014
2906 3081
1171 1028
1548 2901
2209 1896
2128 2097
2385 1883
2557 2359
1020 640
2113 2184
2285 1939
2481 2596
2289 1904
2914 1859
1594 1441
5979 5177
1440 1198
1872 2553
1943 1620
5422 3606
2692 1787
1836 1601
2769 2476
3298 2825
1626 1584
1692 1166
1335 827
1357 1150
2286 1897
4010 3435
980 606
2868 2148
1025 624
1669 1465
3849 3867
1368 1225
6342 5393
2978 2068
1962 1557
1111 847
3680 3603
5797 3619
2226 1918
2203 2110
1919 2273
2010 1715
4069 4478
4914 4911
2133 2077
2500 2341
3246 3107
1500 1084
2549 2219
2412 2539
2420 1295
4562 3353
1360 1455
3930 3340
4818 3680
2367 2245
1516 1357
6156 4204
1608 1655
1575 1480
4239 4442
2424 2778
3243 3257
5399 3974
5472 4325
1996 3259
4122 2536
1843 1920
2457 1951
2698 2614
1549 1209
3650 2404
3836 2379
4955 3711
2857 2363
7388 5956
1354 991
1560 1928
5608 3687
3006 2771
1219 992
1292 1346
4320 3881
3277 2844
5854 4799
2723 1804
3923 3088
2432 2735
1640 1393
1641 1386
2869 1860
1698 1117
1655 1280
1096 1129
1315 1147
2859 2319
6453 4242
2443 3149
3003 2312
4611 3398
4779 4880
2088 1522
4425 5437
5388 4674
2229 1823
1204 1294
1563 1264
3166 2232
960 793
1362 1795
2874 2400
1558 1350
3447 2647
3689 3673
2163 1564
1370 1167
1649 1351
4811 2804
1481 1142
4226 4320
3943 2482
5126 4212
3926 2388
2543 1932
1901 1500
1748 1307
1492 1145
3766 3478
3461 3022
4929 3062
2737 2369
5826 5026
3696 2734
4076 4537
3720 4141
3419 4119
2025 1548
1228 1575
1800 1376
3410 2129
3239 2527
5590 5490
1976 2142
1956 1115
1677 1789
4209 3305
1371 1481
3382 3213
4396 3517
4387 5238
1759 2023
3381 5265
1517 1220
5102 2619
5806 5174
2015 1926
4589 3982
3927 4099
1819 1770
2545 2289
1834 2017
3816 3422
1472 1202
4694 5165
5408 4292
2899 3453
4412 3183
3491 2915
3039 3973
3129 3287
2179 2396
3741 3210
2888 2616
4968 3443
3100 1611
3404 2974
2299 2178
2968 3782
3414 2879
5916 3644
5834 4279
5191 4710
2564 2473
4909 3571
1737 1380
5048 4069
3554 3374
3866 3250
4794 4126
4559 4735
1163 923
5748 4647
2077 2713
3931 2102
4081 3186
19985 3818
2279 2002
7120 3232
2433 4686
3188 2597
3848 2347
5481 3915
3505 4092
2463 1591
1969 1505
4131 4405
4262 2738
2046 1806
2036 1693
4705 4137
3899 3477
5236 4015
3496 3765
2119 1397
3093 2887
6627 4047
5031 4873
3831 3728
5158 5981
5335 3314
3193 2498
5996 6203
5027 4980
4629 3643
3903 2370
2397 2064
6173 3712
2934 2633
4193 3752
5594 3862
2597 3201
4835 3420
5516 5032
5182 3789
4251 3193
4817 4184
6241 5973
3438 3706
5503 5295
5451 3175
4602 3994
3275 3736
5247 3710
5459 4024
5238 4337
6287 3990
4360 3310
6191 6178
4777 4089
5475 4122
263704130 342196849
1
sift 62
5549 1002
14522 3410
7907 2873
3760 1513
1521 393
7482 1326
19328 799
292 122
16000 5733
15307 5894
1903 811
11255 2885
8415 1833
8962 2195
1269 611
9352 5299
2640 747
8714 2338
1917 1752
7672 3862
3387 721
7923 1366
9908 6328
4881 3442
12161 2891
2965 2838
5081 2668
8861 2125
9292 4776
10524 4778
6497 1286
8179 4015
14314 7198
15086 3234
3965 2938
9166 3562
17315 11688
6553 5387
14565 9173
7720 3159
12954 12262
10361 5056
5792 2499
8805 6913
3191 1985
6651 3974
10886 4812
8403 5024
9294 6762
14325 10394
7011 3132
5140 3053
1959 1583
11706 6601
4346 3067
12333 8361
9768 7126
14352 7339
8157 2901
5543 2438
10575 5218
10006 5674
263704130 395353756
1
sift 350
314 434
1600 1912
7 7
14021 12116
2561 3576
1607 1534
22 24
1701 2359
1206 1883
1621 1875
1317 3229
621 842
279 284
4453 4415
604 666
1662 1631
699 868
2586 833
1643 2259
4305 4193
2352 3046
1111 1268
218 279
10425 5922
1436 2667
303 477
417 584
133 160
9621 6538
208 221
2246 2867
5570 5149
9251 5616
1381 2114
4090 5285
159 198
4398 3267
1303 1347
4649 3276
184 239
5625 4703
97 116
302 359
6719 6714
394 298
3727 4535
277 352
475 540
7574 4408
205 246
6827 6130
225 288
858 563
206 276
240 376
2498 3765
793 679
1728 2140
450 615
580 719
1759 1474
308 341
610 795
555 872
1110 637
227 269
230 262
594 597
3903 2560
430 421
5474 6289
697 709
4590 3809
296 325
590 683
1344 1588
3542 2414
613 610
346 442
1453 1605
713 492
1920 2433
313 324
4208 6719
1558 729
676 611
375 498
3519 4288
4735 3003
900 1160
757 1014
1484 1688
5915 3259
7237 7248
2918 4965
988 1365
1058 665
620 875
574 425
1084 1117
2890 1024
768 926
754 725
1117 1319
3714 5387
790 1137
3635 5159
4633 7022
3912 2825
564 391
951 1504
1147 1149
6183 4222
1291 1845
3019 5560
1013 1232
1526 2566
1677 3430
1054 1837
848 703
1683 1330
935 1166
1290 2463
1185 1348
2462 1001
7704 9258
1377 1771
1361 1432
2455 2370
1252 1324
2044 3234
2388 3249
2828 2088
2481 1766
5549 5392
2037 2401
2704 2713
886 1212
1462 3082
930 1192
740 556
1546 2069
1263 1963
2280 3268
2656 1814
1563 2175
4178 6601
2181 3213
6963 3254
4111 5242
3982 6851
1259 1297
2104 1395
4695 7148
469 586
880 936
1837 1327
2793 3823
2802 6118
2566 4315
1994 1582
857 1109
899 1025
1036 1344
2268 1948
1511 1620
5725 6749
1740 2148
2569 1975
1197 1214
5916 5290
1754 2235
9608 8063
1933 3211
3882 5461
1631 2375
3784 2568
1267 2220
2976 3553
1243 1649
7724 5812
4384 7440
3037 6943
885 1118
2955 3167
996 849
5166 6215
1311 1786
8907 6684
2541 4302
774 817
2250 2845
5566 2993
3170 5069
2913 6199
2202 1595
3491 3139
1824 3070
826 742
2007 2234
1752 1310
1765 2639
2573 4091
1660 2664
3344 1557
6506 7641
2562 4984
1523 2170
8334 5454
1257 1271
5658 5224
5601 4666
9613 7159
1329 1675
3958 4613
1069 1679
1755 1380
2863 6792
6709 3622
1911 2074
3430 9086
1900 3448
5127 6660
1552 1700
13176 9309
2970 3964
3696 5487
4302 4602
4830 4003
3424 5917
727 774
1909 3866
3441 9174
4651 8595
720 733
4057 4871
4322 2778
6235 7277
4967 6827
3813 5300
8784 5705
5610 6416
1934 3431
1856 3248
1724 3950
4795 4807
1957 2268
5276 6473
1744 1695
2873 4405
3703 6794
738 754
3176 4979
8053 8549
3270 3722
1772 2183
1737 2192
755 790
2393 3899
7510 7720
1302 1300
3295 4353
1312 3065
3334 6692
2003 3445
4289 4839
3434 5778
2011 3582
1319 1800
3889 5913
7923 7539
2117 2465
763 891
2713 3877
902 1135
2480 3472
5412 7597
3296 7399
4183 7497
1726 2997
6959 7697
1441 1972
3640 4724
2137 2449
4806 4474
2758 4700
980 1161
2514 4533
2042 3589
4897 4152
1240 1168
2784 3979
3288 2298
8415 8249
2781 4052
1056 1506
2000 2532
2414 4062
2026 2975
2639 2987
2098 2477
4266 4475
1527 1502
4550 5988
698 899
2982 4937
3448 3045
1281 1410
12161 9692
3571 5740
1292 1564
1245 1372
1840 3243
1847 2876
3918 3306
3449 6331
1645 2319
5727 7045
2858 3920
3379 3106
10018 9346
2045 2547
6497 6391
1950 3212
2698 2978
8861 8425
1636 1785
7364 6798
3362 3479
3313 4726
1892 2181
1989 3031
3537 3172
7151 5716
3937 3838
1902 3493
1411 2104
5587 5292
1768 2669
1875 2783
14126 9712
6383 7430
5213 4669
2461 2985
3217 2943
10142 8644
3468 4322
4620 3918
3142 4680
12581 9517
263704130 526676255
1
sift 70
302 379
1600 3154
430 477
613 600
475 543
313 338
998 847
1344 1013
857 858
996 844
1453 1312
774 721
826 632
1117 897
1329 1319
805 853
1147 1193
727 649
656 753
1185 1029
1737 1540
738 801
1036 1049
7510 4866
720 1008
931 1016
1319 1257
1302 1221
1259 1458
2117 1923
8053 8867
1754 1369
902 973
763 839
1631 1285
1056 874
1240 1157
1740 1462
1441 2167
1534 1351
1243 1209
1950 1654
698 765
1856 1632
1527 1247
1415 1799
3812 3602
3379 2371
1245 1206
1957 1723
3362 2537
1901 1761
2393 2126
3537 2832
1645 1884
2837 1925
1636 1430
2904 2211
2174 1957
1989 1394
2443 1733
2098 1545
1411 1372
3979 3034
3384 2185
1768 1678
1892 1929
4550 4143
6051 2922
3448 2059
263704130 647587664
1
sift 100
302 492
475 759
15400 121
430 731
613 969
594 781
313 561
676 936
697 910
1291 1823
469 775
1344 1666
857 1213
998 1876
1453 1895
1084 1536
826 1385
1185 1349
774 1473
727 940
1361 1433
805 1488
7511 5553
930 1216
2566 3188
755 1250
1544 1703
1631 1837
1319 2220
880 1280
782 1517
921 1539
1259 1748
1753 1944
2117 3496
2873 2036
763 1230
3296 4774
885 1419
902 1630
3288 2333
1740 2241
1243 1709
1056 1831
1856 2438
1282 1696
1847 2559
1069 1631
1292 1811
2045 2545
1523 2247
2003 2187
4436 4867
1659 1756
4302 4097
7364 4620
1626 1996
1551 2073
3979 3401
1911 1988
2002 3061
1892 2760
2202 3024
1772 2246
4577 4401
4526 4436
3728 4410
1875 3027
1373 2049
3067 2724
2790 3872
2758 2892
4383 2675
3597 3676
2837 3114
2220 2527
2174 2369
2721 3793
2713 3890
5412 4167
2726 3006
1840 2213
2414 3109
2099 2182
4350 2912
2540 3075
2781 2502
2047 2332
3152 3521
2995 3244
2551 3532
4717 3139
3448 3116
3710 3672
3835 2795
6037 4751
6170 4026
6464 3238
4990 4470
3566 3551
263704130 794848845
1
sift 258
5228 2834
4083 3558
5 2
520 307
606 407
6088 2567
1744 1466
2823 2659
2241 4236
226 184
352 437
7812 3802
8415 6433
7851 7874
1206 1129
3899 3963
181 198
1251 1750
11255 10517
4613 7262
7032 4744
239 202
252 279
1780 3762
9259 8550
1419 2103
201 191
1383 961
10783 7960
13990 12448
9350 9611
599 620
273 267
8360 7153
13981 10680
4434 2985
361 422
234 196
2727 2294
8963 10099
5360 3666
629 624
9251 8403
1393 2845
5343 2583
10238 7249
1466 2037
8009 6928
9161 11511
8714 6239
8842 6913
474 321
129 139
2184 3384
14183 14018
8465 10033
573 571
942 1211
12213 10393
7159 7863
674 439
148 155
3780 4669
10442 14142
1181 1162
752 490
5475 3507
10550 12741
1005 985
323 309
15117 6866
12955 11632
772 1254
1729 2118
15905 12258
6467 5747
1623 1309
297 316
2550 736
1449 2015
586 1072
937 1485
1917 1243
1542 430
709 1280
8875 7141
5336 1960
8813 5913
5753 3284
684 602
3411 1772
14400 16659
356 306
432 476
10837 6679
372 381
1467 1238
472 461
11890 4706
405 402
1431 1175
451 475
8973 3699
236 200
1540 1882
214 222
10591 5126
242 296
1071 761
2232 3039
7508 2481
890 742
1183 1003
310 299
15834 9889
665 909
926 1086
1199 1691
10085 6312
2582 4209
2358 7174
634 594
16284 14621
5048 3048
812 626
637 462
5498 3882
1562 1358
7723 4348
199 247
8070 3188
724 681
4735 4660
7469 5604
1694 1742
19989 6040
5299 5322
222 224
5339 1174
463 503
460 364
646 512
3232 1883
730 639
548 494
671 651
14210 7519
881 1111
1314 1024
483 487
3418 2098
3620 5795
3033 5298
4482 9134
13093 10877
1059 1228
8742 8077
1026 655
17663 3753
4496 5129
3705 7423
1298 1785
4807 8649
10072 9870
2312 4107
8350 10952
3772 4010
2075 3037
3112 4918
6309 12682
2986 5473
3161 2101
12605 11256
6580 5653
3971 2863
1619 3092
1536 3296
2491 5709
1931 1453
276 506
2271 6793
5479 3950
245 275
441 482
2462 3030
327 353
2258 3894
2057 2095
10327 7182
740 842
1582 1445
873 905
2657 5417
747 754
5001 8874
1837 2050
13237 13664
2888 3964
6677 2773
3298 7983
1268 953
8598 4329
2756 2439
641 772
1627 1779
4533 7642
653 677
4054 2665
8112 9624
662 562
1637 1429
6117 5940
836 839
1380 1608
7133 5999
2549 1650
968 826
2495 1884
651 805
852 999
4186 3899
905 2152
1008 811
4877 1787
1348 1664
1162 786
1755 2708
2384 2644
4197 2710
1352 1558
1092 1296
3631 2116
5184 3018
1145 997
1533 1421
13962 16381
1024 921
1324 1151
1748 1726
1853 1692
1030 1355
1293 1058
3407 3160
1924 1723
1723 2467
1796 2110
2842 2700
2112 2201
1747 1557
2403 2263
5367 3440
6243 1915
5495 3394
2767 2975
2587 1771
7101 3255
5517 3374
8915 5066
263704130 1390762317
1
sift 69
220 243
937 1571
318 483
4522 2066
1508 4114
129 151
323 322
622 568
148 188
297 347
2961 3759
372 406
472 492
2232 6071
405 441
214 250
460 373
310 333
637 461
199 279
222 281
1116 1055
5106 2887
1053 758
671 722
634 1215
873 846
3718 3402
2986 9353
1108 934
245 302
2075 6411
1340 1380
3674 5501
4796 9880
653 725
2888 6300
1367 1941
2549 1728
651 962
1886 2449
662 769
3407 2202
9527 5687
1533 1479
1091 1056
1145 1256
1024 944
1323 1289
2416 1701
1030 1203
1162 1156
2469 1945
1188 1323
1924 1494
1369 1403
6829 8343
2842 3179
1796 2124
1294 1338
2587 2065
6243 1915
6848 6919
3593 4499
2767 1850
8916 3133
2799 1710
3385 2669
4760 4229
263704130 1421978266
1
sift 56
564 372
8962 5347
1218 567
948 860
996 628
8714 7252
13083 5387
1257 988
656 506
7923 3952
16139 12543
6709 3570
1378 1103
1522 1402
11255 6688
1744 1439
738 647
5228 4415
1302 868
10019 6815
2480 2051
2026 1466
1240 948
8415 4637
980 779
698 614
3379 1929
1950 1369
1527 1167
4377 1899
2698 1558
1826 1767
2066 1902
1901 1205
1636 1091
6497 3540
3362 2700
5587 3005
6383 4006
11951 7987
2443 1946
2034 1399
2461 1381
5406 3385
3218 2450
8984 4501
7151 5323
3537 3048
4273 1858
8542 3538
5247 3223
4800 2969
8113 4743
8729 4185
13564 6831
7735 3439
327837308 2147306674
1
sift 1006
14 22
72 73
40 48
84 84
113 97
57 60
152 148
53 58
117 104
4601 4820
110 98
2611 2040
111 106
156 128
945 557
97 83
18197 18480
122 109
743 724
836 810
105 79
433 563
354 259
215 192
586 500
246 217
482 480
129 124
929 837
501 382
1183 671
865 997
147 112
587 547
3328 3936
358 270
3033 3252
175 134
1360 1501
2306 1707
562 362
646 541
182 133
997 678
1306 1474
220 186
91 473
207 183
1626 1327
1485 1136
534 384
681 618
525 532
4083 2944
1079 722
199 141
2195 2593
201 175
592 560
1347 1453
225 185
846 611
655 524
768 765
639 497
248 214
579 733
268 234
2553 1735
2486 1411
442 335
1950 1630
574 498
5470 6229
565 389
864 674
14467 6681
323 247
1003 910
563 385
483 460
5593 4248
316 284
5393 3441
1504 1141
488 401
2371 1367
542 540
1170 1196
2451 1658
332 245
2852 4747
1519 743
13867 6977
3798 4737
341 248
2431 1921
800 666
2162 1533
871 694
385 275
3249 1440
346 224
2875 2358
531 428
418 268
3095 2218
415 310
5975 4935
2311 1450
732 546
3997 3136
772 704
3192 1805
1321 934
644 607
7609 5523
303 210
1945 1493
4757 3238
489 406
4805 2826
312 238
1658 1336
6203 2785
414 390
3594 2189
741 436
1768 1371
1654 1271
427 347
1722 1489
1053 651
2055 1513
1200 990
543 442
5521 3569
834 726
2543 3484
1585 1080
422 321
5880 3977
576 530
6286 6807
1688 1647
2181 963
2459 1812
348 253
6384 3962
4178 2373
504 366
6815 4956
610 587
3133 1959
5597 1990
321 263
3455 2246
2286 1531
1763 2241
9274 4619
247 193
13974 7505
1067 604
3839 1960
5918 2821
288 218
5462 2886
659 432
5312 4175
4297 3289
329 244
1995 2175
251 219
4158 2031
6093 4950
317 254
4231 2656
219 187
4957 5496
4935 1910
832 798
4545 3211
969 742
8953 5411
5271 2970
396 261
1364 1547
466 354
4998 3959
3387 2230
1165 660
15983 9377
356 343
4044 3228
4402 3264
918 477
14089 7370
571 471
14055 6601
3607 3181
404 276
8370 5883
451 285
10483 5824
3337 2442
989 860
3255 3345
943 616
2853 2714
3980 2655
594 422
6743 5798
616 486
6121 2882
4306 2583
467 387
4855 4972
880 579
9587 6304
4575 2769
1168 691
4392 3494
675 503
5169 3591
6067 3135
632 431
1727 1588
677 440
3264 2725
5307 3606
1419 1381
7478 4598
417 260
5084 6526
1363 966
3623 3535
463 352
12502 5913
648 751
6149 4302
260 228
6381 4338
845 735
6056 5122
1042 738
7368 5637
952 731
5966 5776
1295 1121
695 564
12057 6528
888 631
784 826
532 400
814 866
1378 1483
1869 1696
1318 988
1171 938
561 430
818 453
716 612
514 482
816 1024
1124 1119
386 264
3432 1598
1399 1781
4551 4045
5527 3093
746 683
1071 698
1313 1247
585 376
363 316
2323 1375
1235 1223
6057 4803
697 466
5114 2998
631 575
717 542
1540 1082
434 399
397 288
597 479
709 520
258 213
379 338
1051 1052
739 513
575 441
4635 4515
973 891
1154 1296
704 608
475 341
618 596
1089 972
1545 1192
1472 1310
702 862
1028 785
755 615
560 462
710 451
808 544
1612 993
936 853
1106 892
982 814
1955 1651
1864 2130
1516 1677
3372 2051
891 795
1560 939
1291 621
1044 839
680 774
1478 1374
1237 871
533 427
1008 897
1075 930
941 595
799 658
402 272
3187 3178
1149 977
7289 5192
921 711
903 843
2890 1736
4764 2512
1391 907
686 522
1179 1288
5002 3600
817 875
649 626
1836 1025
2302 2384
3420 2355
1043 840
1021 869
1947 1516
6159 5010
2620 2029
1477 1249
2617 2012
904 730
1001 942
4942 2819
5825 3461
1100 1104
573 449
750 732
1737 1304
6436 3970
875 863
476 330
3045 2567
3495 3733
1490 1470
733 510
2046 1272
1262 952
849 580
1513 1112
735 464
5214 4814
1511 1037
1368 915
3669 3253
1118 821
2004 1635
2454 2015
789 889
498 308
761 647
2605 2702
2985 1935
760 493
1210 1045
6036 2403
795 599
1161 956
1637 1404
3157 2809
1807 1344
985 824
1566 1051
3251 2461
1548 1200
1049 877
3219 2047
1679 1122
5059 2646
2297 1744
1860 1536
5932 4075
2616 2004
4523 2413
1434 1034
1752 1318
3257 2462
1474 931
5496 3055
4012 2418
1694 1538
1034 948
4588 2428
4565 2925
1298 1174
2658 1656
1123 708
5500 3983
12631 5470
4275 3120
1350 1636
2857 1968
1599 999
3035 1768
955 802
2738 1511
1059 776
4356 3919
3977 2083
924 661
3281 2009
12429 4280
1222 980
3429 1818
6424 4604
1039 918
1451 1076
1683 1120
5004 3653
2189 1417
1777 1244
950 755
4002 2794
785 788
5628 4153
3009 2045
6001 2468
7620 6514
6985 4755
4486 2317
642 521
2390 2180
1749 1286
3405 2692
1196 790
1223 772
1029 895
1631 864
2586 1502
628 543
1393 1043
1546 1188
2568 2032
3168 2360
3436 2825
3721 2309
2135 1627
937 745
1884 1321
2391 2284
1619 971
5229 4673
1127 925
1832 998
1496 926
4749 4124
1917 1155
2536 1436
3203 1862
1603 1222
3459 2014
4713 2502
1407 1164
2054 1665
3377 3172
3549 3768
1933 1628
2926 2460
2440 1774
5112 4312
2582 1847
5051 5113
3368 2894
3356 1828
1858 1492
5796 5007
1580 1153
1756 1354
3482 1751
961 1056
1967 1277
2495 2876
651 519
1524 1438
1424 946
1344 1239
2377 1711
3248 1649
3029 1904
1868 1392
4674 4394
1281 958
898 653
6305 4911
3614 3840
917 640
1739 1446
4552 2469
7737 5630
1046 819
2268 1675
5147 2554
774 682
1133 806
1970 1250
3010 1891
5144 3165
2365 1540
1691 1678
1531 1269
1080 792
4185 4034
6427 4294
8361 5129
839 670
2522 3510
1666 1072
3089 2741
2548 2097
2817 1648
1553 894
3254 2098
5432 2308
2929 1807
2340 1639
1904 1775
3468 1994
6233 5214
2733 1457
5770 4490
1069 851
1554 1416
4509 3435
4618 2816
1086 1053
1582 1020
1948 1954
4136 3559
3855 1811
10028 5941
1167 991
1150 827
2608 1882
8684 3619
3574 1912
1187 847
2267 1596
877 820
7132 5093
5506 4752
2091 1629
1613 1477
3619 2553
2255 1527
1659 1285
4490 5978
4298 4087
2427 2184
2861 2566
1998 1619
1369 1219
2116 1551
1563 1150
2330 1613
5463 4353
2652 1873
1438 1343
948 606
6136 3014
3648 1396
1876 1245
5819 3702
2843 1988
4305 3586
4469 2788
1209 1023
2932 1937
5504 2912
4243 1998
3962 2703
5805 3423
8196 5082
2821 2077
1988 1234
1665 1225
12285 7950
2847 1333
4020 2405
6336 4692
4265 2323
7498 5177
4632 3226
2393 2562
1664 1284
3797 3107
1829 1526
2194 1465
3926 2139
3845 2137
7271 6183
1269 1898
1103 964
3171 2245
2556 1920
2396 1860
2349 1229
4792 3257
1703 2069
4338 2861
4225 2191
5026 3307
2436 1295
5425 3577
1711 1084
2085 1466
1848 1928
1541 1117
2344 1655
2779 3449
4199 2771
3730 3975
5492 4477
4029 3205
2742 1951
5276 3199
3885 2539
4415 2977
4435 4383
2802 2496
2027 1597
3285 1895
3076 2232
2036 1521
3519 2200
2034 2081
6401 3792
8449 6290
8237 5083
5737 4727
5267 3669
1806 1357
3605 2870
2416 2165
13306 8451
2415 1918
3893 2914
4123 4552
4151 2466
1225 1346
4268 3342
966 927
2577 1823
3030 2778
2956 2091
5103 3664
2549 2547
934 794
2185 1455
3780 2836
1592 1147
3221 2319
3752 2600
4252 2804
1388 936
5518 2844
4960 4044
6492 2499
2096 1564
3749 2211
5720 3404
4455 2939
1647 1182
1689 1393
11213 6150
2121 1348
4788 3607
2402 1350
1797 1209
2713 2363
1276 1142
2045 1600
5038 3976
2079 1341
3687 1715
3699 1924
5831 3101
3514 2129
2798 3531
9228 5026
5464 4661
5178 2479
3563 3258
5640 3398
3330 2070
2898 2143
5046 3874
5937 4149
6378 4880
4006 2424
5988 3673
3287 2444
1489 1481
3990 2647
5483 3361
2040 1548
971 978
1447 1293
3081 2312
1816 1264
5888 2859
2276 1834
3722 3278
2102 1800
3618 1932
5488 4358
5619 2388
3815 2333
5532 3048
3125 2368
5598 4538
14289 6630
6345 5059
4108 2198
4760 3305
5621 3126
3764 3059
5385 4023
3799 3022
11465 6760
5543 3112
1398 1145
9572 5211
2685 2901
6439 4322
5335 4205
1292 1574
1750 1709
14721 17547
5061 4052
2809 2365
5204 3384
2994 4558
1911 1795
1835 2225
4198 3266
4755 3317
1542 1202
8738 5794
5837 3908
4924 2988
4294 3250
2197 1386
6265 4212
4147 3183
4621 3522
5457 4807
4964 5238
14704 9882
1614 1129
4019 3143
6505 4690
2213 1789
6899 4941
5331 4254
1747 1263
1709 1376
7503 3810
5408 3195
5174 4372
4771 4070
4765 3232
5303 4311
6850 5571
3985 2634
2073 1549
5723 4028
5397 4033
3904 2304
2563 1641
5207 3743
5067 4099
7745 2850
5525 4735
2008 2016
4381 3053
1790 1373
4584 3287
5037 4503
4591 2719
4385 2793
2991 2178
3932 2974
2589 3092
5255 3949
3438 2327
2824 1642
10783 10219
2156 1444
5750 4130
7512 4999
3079 2235
4048 2616
5996 3783
1976 1934
4950 3907
6176 4292
7957 2908
5444 3213
5082 2915
4296 3453
2003 2055
4784 2648
3477 1611
3096 2325
7483 4377
5383 3571
5787 3186
4842 3076
3604 2597
1358 1559
2647 1497
4301 2142
6849 4823
5260 4263
5673 3804
3933 2879
1712 1380
3593 3330
6165 4508
6493 6831
11490 9175
4255 2490
11419 4968
6123 3817
5173 4563
4524 2399
13114 12942
4326 2524
3198 3025
5310 3282
4495 3086
4579 2892
4917 3895
5145 3418
4203 2054
4813 3034
5775 4427
3761 2347
5841 3060
2447 2928
7268 4709
3195 3005
3108 2501
3359 2473
7974 4321
3506 3079
4099 3116
8157 4176
5734 3986
6007 3443
5607 4137
2941 1806
4318 3537
4544 3377
1923 1031
5069 3782
3444 4092
6497 5184
2226 2074
3050 2202
6680 4784
6755 4069
6541 5203
7700 4656
5524 3756
2270 1398
4183 2435
5896 4110
3808 2500
4864 4636
3311 1515
4266 4131
1785 1300
4161 3243
2098 1505
13750 5386
2207 2179
6167 4401
5185 4500
3906 2738
3909 4381
3122 1693
3487 2828
2241 1947
11289 12510
4623 4830
6640 2867
6551 5336
4795 4920
7430 4278
6568 4368
3232 2127
5438 5150
2775 2728
4062 2887
2493 2168
5435 3314
6343 2942
9242 4440
3316 1730
2400 2116
4501 3765
5094 4004
5359 3382
7444 5981
4781 2638
5424 3477
3939 3814
6188 2594
5550 4744
6704 5161
5657 5290
6507 3100
4949 5263
5898 5096
8841 5870
9144 4277
6154 4743
6212 3552
2294 1700
9329 5266
7387 4047
6845 3575
5791 4252
8110 4229
4246 4232
6594 4934
10176 5305
12368 6227
2900 2609
4973 2770
5717 3114
2615 2064
5605 3713
4273 2822
4311 3175
6318 3334
3394 3176
4475 2633
3492 2266
5793 4994
10341 10833
6092 1745
5165 3752
1335 1099
3450 2354
4217 3474
4651 3061
4819 3202
5710 4112
4196 3736
4456 3193
7631 5973
13848 6081
5565 4144
4668 3706
3317 2299
7663 4796
4951 4219
5333 4088
1590 1189
5024 3310
5894 5076
7192 5648
7403 4542
14400 8403
2836 4117
8820 7431
6292 3155
9695 5680
6077 3632
8727 4489
12777 4580
10499 6357
6137 4297
5546 4431
342196849 738448197
1
sift 158
321 453
859 614
3026 838
9808 13945
5606 3285
296 323
2892 4367
3623 3603
3413 4284
162 73
1695 1914
6450 12848
126 136
5196 4196
11265 16130
525 562
5670 5030
1676 671
5284 9379
884 133
566 638
9989 11168
3279 2127
7142 5019
4432 1748
355 502
4952 9031
1393 1164
3382 5613
506 409
527 699
4174 4737
339 115
6799 10838
13679 16222
409 497
4632 8548
4141 1794
8469 11837
1815 1150
605 892
373 358
334 406
7311 4611
5856 4851
572 534
7894 11920
634 532
11287 16567
457 517
2063 1489
434 217
8128 4841
360 378
3925 9354
5017 2445
1831 1371
617 697
4848 4855
14672 13020
6603 992
673 835
4014 3977
660 573
699 867
741 757
2657 2410
7970 1647
483 547
1017 297
14120 12827
424 535
11032 15472
521 980
454 559
2721 3794
9842 12832
1889 1847
2225 2650
5022 2981
2053 2538
1874 1944
2361 1355
801 1019
2367 3326
1410 314
585 419
2863 700
535 567
773 878
1265 809
4949 3644
3185 3786
1248 434
1072 1301
4715 6088
4378 3597
1544 1383
1560 1571
6064 1237
866 2047
1629 2407
2021 973
1368 1887
642 778
1198 919
968 920
1682 2604
883 815
626 401
1203 1098
3191 766
1023 676
794 1187
2535 2873
1846 1596
1338 2081
3030 777
9838 3033
3068 3698
1691 1603
1438 2316
2841 3480
2146 1504
3764 3722
1578 2504
5225 8202
2307 2177
1664 1751
3040 2856
2573 1046
932 1419
15133 12024
3455 4500
5415 9393
3024 3711
4854 5192
1663 1875
5268 3475
3376 7539
2065 2345
11106 9231
2531 1667
2247 2782
9107 3951
1824 1598
2554 3405
2868 3437
11243 15055
4500 3190
3277 1977
11063 8137
2410 3128
5572 4175
3741 8846
6343 6359
4637 3579
3240 2253
342196849 874908085
1
sift 222
31 39
5665 7309
34 33
197 254
68 54
66 66
3780 3416
44 61
218 334
873 1326
93 122
1604 1862
1099 1389
390 538
889 1418
335 323
1426 1657
253 449
1308 1053
3207 3892
6514 5064
1888 2025
1393 1168
650 1084
1584 1791
1725 1848
4426 6246
334 605
694 1129
2873 4652
862 994
5593 6482
509 1177
3381 4605
11669 13011
573 315
2787 2052
832 821
490 664
1251 1015
2426 2094
6219 7548
7627 9481
634 958
1513 1524
472 1193
1532 1696
277 336
707 359
99 104
10192 4195
11083 9219
3659 2205
242 508
204 266
5768 8345
5410 6199
4917 4507
1764 2198
3212 2900
12526 8257
3271 10810
11035 9435
521 750
8840 9458
8858 6905
174 268
2088 1233
1284 1288
171 257
4045 10300
6420 9050
3311 6317
699 1055
4292 5739
2166 3639
5136 8021
6333 7252
772 1510
1191 1204
4215 2996
9661 6500
3022 3594
775 1116
5510 7894
4703 5382
13535 13010
1754 3422
660 1112
1898 1255
5807 9134
11346 9034
8430 8930
2721 3148
13186 8801
1079 1058
496 890
3229 2895
877 1198
1002 2653
3187 3999
166 328
6730 3299
1819 3238
16455 8146
216 340
1810 2104
3410 8042
6329 5854
4171 5201
3320 5855
4832 6987
1416 2032
12328 11304
3048 2949
866 1594
614 673
6946 4807
1123 1504
393 829
9245 9071
1250 1733
556 501
6065 11100
4021 5718
586 706
443 906
3447 4158
5526 10801
298 364
951 1937
1515 3037
4163 4285
6300 9704
3137 4815
6989 6590
2021 4480
2977 1147
2399 4720
883 1245
4450 4529
13184 15072
3040 2702
1326 4459
1114 859
2573 2791
5856 8720
5334 3804
3256 4266
8128 6357
8652 11416
3024 4397
11322 15104
2783 5134
1209 1629
3287 3842
275 411
720 1552
1835 3982
13149 11221
10100 7980
5864 9840
9030 9343
7415 10276
1833 3751
2891 5225
2125 4612
5465 6638
4251 4648
2195 5422
1912 2896
622 941
6274 5630
11291 13431
5022 3681
2339 4809
7416 14306
2691 6366
14228 13161
1286 2627
1302 3534
3550 7547
5210 11690
1780 3468
6903 7627
3598 1157
12172 11773
3011 7182
9723 8984
4624 7443
7562 10101
2857 3065
3744 3478
1085 2544
1410 1858
4161 3807
4611 11145
1704 1645
13349 9932
3709 1825
4333 14349
4644 9969
4205 5280
1023 1412
4182 4065
4923 4853
2351 2882
890 950
2801 5691
2825 2043
2231 7109
6963 8373
4451 3993
4418 6593
2479 5905
3203 3173
3672 2330
3200 3636
858 1458
9926 7348
4416 5241
5276 7671
342196849 1443957691
1
sift 562
62 68
33 34
1297 1007
86 99
1553 1894
85 96
600 656
1027 1282
177 185
4176 6412
81 94
114 122
4106 3481
188 213
873 1150
178 132
503 709
1702 1734
1405 1772
803 987
304 384
5726 9342
1071 3566
138 162
5728 9309
155 150
108 98
1640 2264
460 344
2946 6354
104 117
1958 3106
1645 2784
3167 5656
2078 1786
662 614
1464 1063
1888 2272
192 194
3917 7562
2181 2706
94 141
2609 2841
1466 1682
2149 4827
2567 2828
991 949
3389 5784
132 148
4851 8452
321 376
311 358
1648 2428
159 174
2786 2540
474 456
351 401
9020 10742
5180 5134
1718 1773
143 159
335 311
1219 2033
185 179
9280 14507
3086 3325
5690 9289
1625 3186
792 722
3695 7195
2029 2038
10921 11621
6785 7377
303 276
1251 1854
8844 13691
2023 2132
2737 5028
384 577
2109 3145
377 383
3924 727
4588 7990
294 354
565 766
296 337
5106 7028
7531 11663
344 355
1513 2347
1936 1414
2771 3933
2037 2040
312 379
7633 10413
523 504
896 1579
6385 10019
5673 8406
4660 7399
1335 1648
2303 2153
5901 7206
173 209
3181 4215
391 408
5660 8374
3103 5009
1372 1705
2299 5522
254 237
6426 10265
3452 5661
1375 1508
1428 2268
4469 4715
7538 10400
1532 1541
353 386
3015 4630
337 295
1418 1391
5200 4275
2122 2231
3078 3312
3478 4325
4334 8944
6177 2860
290 279
3688 12255
1296 1257
8778 8421
917 630
516 633
7461 10096
793 612
573 364
165 211
240 280
6862 13401
2570 2312
2671 3226
4836 6241
5409 4835
5206 8724
356 377
1726 1948
6784 10162
459 787
732 589
489 834
712 1040
5097 8468
6735 5724
2882 4480
418 518
859 798
13190 5383
782 1345
7212 9013
349 417
2677 2579
8840 10578
427 575
2994 6590
324 345
5768 10222
4870 7810
4069 4833
4807 10540
1270 1928
277 307
2396 7171
748 747
4100 7433
846 1120
7874 10872
4226 6493
411 585
2546 3680
566 736
610 389
5035 8512
4165 5127
7058 14476
837 960
4271 4989
2996 4666
3616 6989
2755 4278
4911 5908
4979 8156
4246 8294
2562 2939
4609 6283
1462 1317
6876 10206
3975 4098
527 858
1942 1995
409 516
7271 9214
11535 11628
3567 5013
4144 3527
3530 7864
5269 7484
7217 10256
7665 12828
6104 7578
8568 12094
2952 3270
2979 7390
1057 1250
4787 9623
838 950
3135 4701
1613 1795
6800 7681
9468 12148
3646 3837
2389 3040
10784 11807
511 652
5548 7264
2375 3637
3347 3461
4178 8093
946 1076
6867 11335
2288 2210
5722 6964
761 454
1354 1571
7618 9300
8196 12062
4407 6327
958 527
487 564
11134 15444
1164 1684
7021 9959
5390 8490
5495 5735
4432 6773
1289 1567
1805 2777
2360 2808
441 628
734 1104
457 613
7454 10536
10314 8304
673 885
14196 14136
402 465
7117 8601
1148 1239
4839 7098
446 369
606 849
4666 9713
5518 7572
1135 1652
3296 3251
769 921
3986 3590
703 1097
2137 3531
1174 599
360 625
8858 5273
666 1029
2775 3711
4932 7937
3413 5408
4873 4562
1694 974
2012 2020
12021 9784
3352 4365
3382 5443
453 486
3356 6418
586 837
464 489
11133 11044
398 437
936 1194
543 578
572 782
8341 12109
1626 1406
804 1373
2450 1833
1128 1389
5512 6821
1306 3148
5400 5642
4141 8850
3560 3427
1754 1298
275 239
3804 5930
6989 10164
484 757
6836 12287
2766 4217
3807 3211
4110 4661
767 1196
10022 8019
326 260
2552 2139
964 723
617 1027
3187 1263
560 594
440 445
6183 13484
2313 2621
2912 6281
4251 4456
5034 4699
9894 11135
1716 2528
8518 10091
9030 13350
853 1346
434 495
5236 7429
2607 3105
6372 6757
497 729
4357 5550
898 988
5171 8787
2639 5575
558 674
18362 19097
7234 7646
4768 7023
663 741
3286 3765
6001 7832
5284 11100
8899 11033
1161 1255
483 684
11052 12217
1858 3595
8836 10940
3012 3011
810 1292
770 1222
1823 2736
10591 13510
1573 1653
1000 955
6459 12054
2445 2236
2166 1931
1482 2044
1447 2430
6994 9806
616 876
6023 6872
1106 1314
454 635
1343 1898
911 900
1204 5047
5318 5787
5976 10178
1082 1628
982 1375
8772 8242
3175 4767
874 1102
6943 10191
708 754
9211 7027
1912 4930
676 1158
12088 17817
2168 3606
755 1302
1084 1045
2127 1600
1397 3280
1062 1757
4703 8271
10178 15511
3360 6155
2172 1365
913 1010
5181 4639
2289 1691
1187 1435
7655 11790
3531 3532
2006 4933
3662 5629
1008 1071
4948 8813
439 562
3214 5154
4985 7491
962 1469
9618 11057
5459 6949
1079 1138
5046 7835
627 596
5120 4867
855 1291
5969 10518
1869 5470
3285 2854
9589 12798
976 827
12497 11837
13349 13305
1374 1614
5719 10603
585 543
3384 8362
801 1326
6327 10075
701 977
12793 16645
729 1017
6947 10250
872 1276
4562 2765
740 1032
6832 12667
3185 4087
1248 2622
3497 4393
5074 11437
1060 1052
4793 6783
1991 2053
6087 7066
4192 4396
9062 6795
805 1608
5272 9857
969 1148
2231 2317
535 720
1023 1000
1777 2057
3308 5161
1643 2393
2598 2646
1498 2350
2726 3979
966 1024
2013 1621
1918 3299
4894 7314
1196 1703
3062 2940
2752 1639
7248 6581
4949 7305
891 1767
773 1145
1901 2546
2408 3152
4481 5882
1383 1776
4336 5168
1567 3374
8384 8127
1551 1847
3030 3139
674 927
3439 6191
1338 1146
4727 9984
1939 2016
7647 15250
2363 5462
6255 7854
1475 2106
979 1829
4855 4680
1420 1774
835 1959
1884 1475
2593 4125
9684 11561
4107 5378
794 850
2491 3298
642 1187
1913 3890
1409 1675
1682 2625
2762 3529
1242 1835
3675 6665
1629 2399
1438 2010
993 1339
1544 3502
1578 2005
1130 2182
1445 1768
2183 2239
1658 2950
3318 6517
2307 3200
3068 5439
2522 3647
1664 2104
2720 4244
2369 1976
7012 11546
1511 1511
2504 2363
2578 3873
3411 7070
2705 6045
4050 8186
3217 4849
1048 2369
2247 2554
1315 2014
2298 5085
6529 5847
3949 7257
3119 3316
3773 6286
3257 7427
1663 2648
2220 4940
932 2838
3503 5553
3419 3454
4066 4398
1697 2793
3647 7183
1847 2788
2131 3230
3594 8427
1557 2825
1860 2608
4736 4316
2020 2289
4289 8034
3013 5566
1680 3906
7844 7620
2214 5093
3741 8229
7514 7035
3951 8387
2739 5499
362832386 647587664
1
sift 136
284 545
1752 1407
406 1446
583 840
1181 2462
2167 3801
2184 2428
198 226
738 1348
1319 1794
253 404
476 785
166 329
326 570
987 846
775 1098
1389 2650
2809 4655
2973 4323
380 523
1292 3599
378 659
1285 1324
534 1363
795 481
3148 3967
1944 4373
1146 2612
1945 4709
1734 2783
396 651
1580 2480
751 1058
754 1087
6442 5918
3527 3507
247 354
1211 2295
2927 5662
815 2169
565 382
494 713
365 712
1173 2231
325 427
691 1401
1775 3640
608 979
2219 2103
1054 1289
306 506
1537 1531
1813 1953
4808 5449
892 1127
3166 3385
618 1341
506 1029
613 946
2012 3048
1702 1339
1008 1344
2295 3870
4960 4914
1201 1467
2926 3929
4846 5672
2969 2358
851 1567
906 1275
1162 2059
1244 1866
941 944
5346 4707
1570 1835
2176 2704
914 1335
1137 1606
880 1144
2871 3225
1098 1502
2463 3461
955 967
1989 1963
1100 1180
3161 2384
946 964
1894 2521
2039 3021
772 875
784 1071
1336 1426
780 890
3502 4245
1136 1629
3346 4617
2307 2960
1811 3959
2494 3983
2725 4371
1704 2509
1748 2557
1197 1523
3565 5566
930 1315
5154 4255
1320 1689
1408 1317
1590 1847
4705 5588
2315 3372
893 1099
6028 6404
4502 4868
1259 1199
2700 3745
1125 1305
7038 5746
1184 1298
1215 1351
1278 1330
1897 1178
1530 1760
3562 3339
1487 1680
5238 5322
2256 2183
7382 6646
1906 1651
2576 3738
1314 1639
1448 2904
1518 1783
5822 5579
1840 1907
2421 3076
362832386 738448197
1
sift 100
2277 1439
6447 4409
6507 5638
2030 1895
1577 4998
6340 8071
6133 5202
6056 5204
2435 1748
6062 9166
454 323
4852 10239
6800 7394
424 202
396 256
10347 6857
1108 493
4977 16984
6040 8362
5255 3184
247 164
4624 4224
306 172
5467 2279
661 330
590 369
4477 2203
924 614
325 346
5218 2495
926 501
1046 462
1082 506
851 321
3175 1289
553 442
2659 1421
4291 4348
1201 598
4429 1247
2134 853
958 372
914 522
818 419
1186 547
1250 549
880 519
849 404
1461 682
1364 560
1448 399
5529 3687
969 616
1981 1019
1782 790
709 417
1940 878
1784 1301
1190 576
1300 879
2210 1313
2917 2112
929 606
3145 2859
3956 2366
780 459
2425 1571
4039 2453
955 862
1197 1110
4111 13674
6607 4382
2247 1972
1375 721
1216 1017
1590 1877
1271 1087
5356 3382
3264 1532
2541 1267
2117 1312
2455 778
3494 2464
1487 1480
6187 3662
3032 1889
4006 2205
1314 1587
1124 1026
974 1815
5289 2316
4458 3190
2151 1212
1259 2705
5972 4379
3108 1844
2168 1994
1840 1657
3399 3160
4381 2771
362832386 1443957691
1
sift 68
2279 1014
1549 7578
2367 1516
469 314
2242 8304
2423 1413
987 430
3347 944
439 325
2021 9702
3005 1645
454 337
1813 919
748 312
1195 1819
5059 1746
2342 11303
1401 582
1869 934
1419 1391
5549 2396
1620 4534
3900 2823
661 363
1169 7160
6462 3593
7646 12175
1702 576
1082 628
12322 14286
6026 4122
1083 613
6552 9722
1663 885
695 5051
5575 2532
1129 450
5804 3854
2659 2129
5710 7062
6297 4118
981 625
3521 1956
818 543
2134 1102
1704 1850
1186 684
1365 635
4991 6262
1653 729
1828 1027
1461 951
1648 1033
1981 1326
1250 981
1940 1145
2917 2106
1749 1337
2797 2012
5356 3699
3398 1675
5289 2010
6185 6666
2203 1339
5464 3200
4458 5311
5972 5896
4381 2793
395353756 526676255
1
sift 95
12089 4292
3537 1821
359 379
421 477
610 600
540 543
611 573
324 338
391 438
9055 4436
1587 1012
1903 1914
1109 858
555 668
849 844
742 632
1688 1501
817 721
1117 875
1959 1774
1675 1319
565 633
703 629
1319 897
774 649
8637 4959
1149 1193
790 713
753 800
2192 1540
1348 1029
1300 1221
1595 1331
939 712
1757 1217
844 872
7720 4866
1878 1178
1192 1017
1506 815
2465 1923
1799 1258
1343 1050
1135 973
2686 2164
1297 1458
2436 1815
2148 1462
2584 1765
936 814
2994 2235
1168 1157
2450 1643
1502 1247
1535 1099
3971 2325
1649 1209
3106 2371
898 766
7697 5316
4358 2115
2375 1285
1371 1207
1679 1148
7399 4270
1971 2166
2268 1723
3479 2537
8283 6168
3248 1632
6798 4851
3212 1654
1784 1428
2181 1929
3493 1762
8644 4162
5825 2981
2477 1545
3045 2059
2104 1372
7702 4243
4725 2567
3225 2642
3899 2126
5335 3596
2669 1678
3031 1394
3338 2356
2998 1747
9636 6213
3589 2903
5988 4143
7884 4805
5739 3091
8690 3900
395353756 647587664
1
sift 78
279 412
359 492
421 731
540 759
610 969
324 561
597 781
1845 1823
709 910
1587 1667
1605 1895
585 776
1109 1213
677 897
2509 2811
1117 1536
742 1385
1232 1327
774 940
1348 1349
1431 1432
2298 2011
790 1250
1192 1216
1126 1826
1878 2395
7328 5364
936 1280
7721 5553
2994 2745
1758 1706
1297 1748
2436 2361
4315 3188
2375 1837
2234 1944
891 1230
1799 2219
2465 3496
1649 1709
1118 1419
2584 2920
1506 1831
1564 1811
1679 1631
6565 4744
1411 1696
7399 4774
2074 1988
2547 2545
4751 4581
3248 2438
2875 2558
899 1429
1971 2714
3321 2244
2399 3024
1727 2049
7212 6069
3145 3793
8278 4079
3979 2657
2180 2759
2534 3355
2478 2182
4763 3245
7161 4782
4680 3052
3045 3116
3338 2986
2783 3027
8169 5727
4062 3109
5192 5072
5813 2436
3920 2728
6332 3238
8689 5262
395353756 874908085
1
sift 70
5429 3893
142 164
516 531
110 124
161 224
408 273
220 196
384 393
2871 5834
628 987
569 759
317 354
309 828
836 1082
7969 4884
445 460
764 731
284 7503
6524 2786
10335 8904
4015 3573
1239 1313
482 453
2208 2580
676 671
440 942
847 1050
2716 1584
1552 672
2101 1476
1184 967
1142 781
2921 1493
461 901
4061 3345
464 534
4024 3147
7849 5933
1991 2418
5057 3766
8209 6204
4086 5698
6229 4456
3108 2619
1026 1171
5729 5736
572 639
6633 4527
7049 6828
6835 3175
8369 7929
4283 5860
4798 3584
4665 5959
4878 5294
694 767
5664 4015
5456 6297
11773 9700
6474 5069
8141 5941
952 1038
1276 992
2127 4206
6856 5067
1564 4666
2858 2897
8398 5329
9566 6744
9522 6558
395353756 1421978266
1
sift 476
41 66
73 108
21 33
652 523
32 41
107 80
49 58
142 169
2931 4184
156 186
37 51
60 57
516 526
7639 9349
66 68
132 133
52 67
94 118
3025 2583
56 81
126 171
3293 2160
1459 1708
2301 1442
69 71
283 366
541 589
342 373
2024 2114
110 124
188 273
2016 2183
75 99
7225 3738
175 220
135 183
1781 1681
715 590
464 606
182 286
266 341
405 339
220 248
7471 9317
161 257
12246 10452
535 438
384 380
3692 4992
747 679
204 278
3393 2996
408 407
7548 5355
386 426
241 291
4813 2844
628 839
9843 9836
249 314
11698 12244
1129 1079
7969 4962
12572 11905
895 1127
180 249
850 880
517 582
8574 11217
317 360
232 338
2136 1871
313 359
6487 4640
1229 1162
273 544
1096 1026
764 741
11308 8585
601 672
508 540
1186 873
1676 1316
9203 14781
445 478
433 807
447 361
6524 2120
2988 4516
281 236
3039 4420
3615 2482
4015 2655
7605 8367
1250 1197
894 1124
765 810
546 527
12120 14837
695 895
399 499
130 162
469 484
12920 7026
6788 7455
333 469
2352 1631
985 996
325 296
1261 1250
1083 1175
847 892
1452 1537
452 566
2103 1353
3914 2784
1239 1247
355 510
362 376
710 473
3817 2552
726 664
7687 6385
482 453
3410 2890
429 482
1092 885
786 652
2208 2412
1052 1262
7978 7071
391 372
366 504
3732 9947
1457 1361
157 199
3289 2883
1098 1356
171 205
1578 1910
576 581
663 813
2102 1735
978 858
2542 1301
1213 1220
240 270
2781 1664
4567 3276
9671 8593
1043 796
1973 1786
2100 1771
488 529
766 766
8339 5509
1222 1113
2701 2336
343 387
685 512
756 848
1012 1258
4200 4943
2266 2318
994 1282
944 1157
330 347
4598 3144
6094 4262
1203 1214
2340 2049
1879 1676
3742 3643
4035 4574
2251 1758
481 451
5133 3742
3051 2401
4578 5304
461 579
2213 1166
6304 6386
5086 2418
1184 992
9376 10249
1930 2226
2072 1634
8818 3968
4677 4039
5570 9475
6048 4939
2085 2365
5299 4447
1565 1573
3655 3714
3599 1110
705 835
1858 2397
2034 1702
1552 1384
1142 854
3999 2906
2711 1957
11732 10542
2422 2731
1133 1216
1152 1180
3453 3726
2142 1031
8506 4460
993 1101
1373 1299
375 395
2918 2345
1980 1168
5148 4407
1658 1577
912 968
5372 2665
4061 2976
1567 2794
8219 7170
7774 7068
864 817
7936 8496
5451 3347
7904 6916
10156 10271
2882 1521
3687 3421
6069 3266
4086 3483
1558 1571
11885 9908
2348 1332
5392 3670
1991 1553
9233 7749
1615 2681
2549 2327
1720 963
5375 4808
3074 2145
4656 3792
1010 1300
10287 5037
4174 2560
4074 2517
555 561
986 1193
1910 1530
6830 2781
4009 3110
1138 1025
5203 5092
4398 3226
849 628
2921 2286
3340 3243
784 666
4116 3109
2079 2099
2077 1934
5057 3919
4577 4138
5919 4926
2285 2248
5569 7414
2995 1996
1120 1185
3402 2350
4140 2581
4610 4417
5763 2839
6429 3395
7321 6413
3573 1481
4024 2885
5611 4409
1469 1607
8727 6169
8606 7205
3770 2319
4941 5022
2271 1890
4388 5044
2153 1851
7396 3973
7659 6618
3746 3949
2920 1888
3320 3165
8060 4468
4083 3042
2758 2343
4665 3025
2612 2592
8022 5848
3170 2652
5586 3336
1110 1047
3704 2479
1136 1060
4621 3403
4283 4581
1959 1820
1673 1322
11294 8342
2840 1245
690 713
1600 1048
6902 5449
8815 4258
8209 8581
7698 4244
5877 2669
3421 2993
9875 6939
8995 4408
1271 988
7773 5824
3246 2701
6248 4473
5545 4680
4585 2759
6826 5447
9322 8352
7984 5198
5664 3219
3621 3572
8106 6991
4218 2925
7735 8925
9753 5007
2533 1855
8071 6735
7600 4746
2851 2933
8782 6561
5339 5404
12923 9302
6716 4551
3105 2980
8982 9721
8135 8117
5665 4102
9406 7039
1440 1931
9546 4307
6835 3396
4273 3860
4352 5222
1695 1439
5529 3340
2780 2903
8776 7537
4798 2943
5609 3778
8067 9562
3633 3154
7991 6328
8153 3106
2417 2225
10378 9942
3518 5050
2334 2869
6320 3061
753 646
1300 868
8945 5953
5795 4532
4312 3298
1352 1326
2862 1821
10781 7792
9396 1723
2527 2433
7624 6236
2913 1769
7827 6684
8134 2241
1662 1517
8472 5090
1437 1027
4255 1909
1746 1152
3956 2855
3376 2171
6558 4590
3472 2051
1760 1551
6474 4877
11318 8272
4830 1817
2907 3346
7959 3569
2007 1754
2308 1647
7336 3501
5627 2989
7265 8046
11465 8156
7146 3521
1161 779
1112 809
5693 2937
1168 948
6584 4783
6730 2531
3939 3542
2686 1830
4177 2941
2975 1466
5330 4555
2598 1684
3106 1929
4634 4430
5555 3580
13366 8751
1502 1167
3201 2173
8474 6354
2986 2398
6236 6447
12190 9797
12783 10005
4615 3142
8249 4637
1372 990
7958 5928
3530 1899
1666 1222
8203 7689
2978 1558
7697 5522
4370 4449
8601 4824
9568 9179
6019 1731
12247 9016
8996 7857
8540 6440
10567 7924
8455 4294
1784 1090
6391 3540
2128 4120
3212 1369
1385 2646
3083 2106
7430 4006
6207 3680
8114 5555
9566 6696
3479 2700
2380 2174
3225 1902
5292 3005
7172 4204
7633 5210
3493 1204
2745 1342
2015 1698
6812 5435
2985 1381
7539 3952
3863 2642
5716 5323
6755 7189
3944 4109
2751 1625
6982 4019
7220 4275
5255 4159
8750 5825
5603 4301
526676255 647587664
1
sift 51
600 969
573 936
338 561
1012 1667
858 1213
1312 1895
875 1536
632 1385
5529 6031
649 940
853 1488
1029 1349
713 1250
1016 1215
1178 2395
1197 1383
1369 1943
1257 2220
1285 1837
814 1280
1458 1748
874 1831
1180 1580
1815 2361
2235 2745
1923 3496
1462 2241
839 1230
1209 1709
3711 4079
765 1429
4063 3739
3036 4782
1563 1996
4270 4774
1925 3114
1767 2526
6550 4710
1678 2429
1694 3052
1544 2182
1723 3480
3264 2932
5038 5727
2059 3116
1929 2760
6510 5464
2575 3244
1751 3026
1907 3793
8003 7652
526676255 759368925
1
sift 63
30 46
622 552
77 137
150 151
63 106
2994 3450
396 664
5060 6580
1553 2533
2545 2314
421 633
130 118
388 407
1793 1810
451 762
269 402
1096 1674
1760 5571
1000 1806
340 394
197 273
2512 5260
2241 4375
475 700
1845 4148
545 840
350 483
4699 4335
805 874
382 722
15085 18164
481 584
1511 1961
6292 13478
268 437
599 977
2880 4830
616 1665
459 990
4736 5002
2619 6308
946 1678
6086 6454
3821 6948
2023 2455
1588 2083
3885 7694
2494 4726
6038 6139
2065 3040
602 802
1813 2484
5768 10543
2004 2528
4055 11329
5534 5687
2869 6015
4566 10318
5426 4149
3434 5270
4158 4347
3371 4044
3079 4034
526676255 2147306674
1
sift 62
10367 5932
379 463
3089 16148
2249 1976
600 766
573 567
338 370
858 994
1312 1383
632 779
875 1462
721 749
649 571
853 947
712 672
752 783
800 813
1016 778
1049 809
1221 1414
1217 1400
815 872
1369 1290
1458 1363
872 1157
839 899
814 912
973 1087
1099 1316
1157 1353
1765 2359
1189 1523
1008 1568
2235 3486
1643 2776
1247 1695
2325 3583
1925 1939
766 1066
1723 2148
2768 3081
1206 1429
2832 3204
1761 2341
2166 3064
2878 2884
2126 1897
1372 1599
2159 2464
3643 3867
4215 6075
4851 6154
1430 1878
3348 2930
1751 2216
2479 3603
1678 2110
2211 3292
5570 3816
1719 1853
1907 3129
1796 3670
647587664 1390762317
1
sift 69
3904 3117
255 96
820 415
828 519
411 194
14373 12895
3801 3339
1132 604
778 379
328 135
1849 1028
1088 575
4000 5929
8786 11107
523 255
1833 1126
517 195
984 416
8696 8478
1397 545
3161 1268
777 289
1797 1121
2748 2010
2103 1341
3507 4052
979 365
1971 1047
2606 1040
877 340
1286 1054
1379 714
1127 556
7892 5888
1591 1193
3145 3014
1370 607
3095 1190
10969 10991
2169 1377
4797 5290
2231 948
3821 1984
1096 502
6050 8367
723 274
3572 2406
2133 1029
1695 1053
1721 728
3291 2311
1669 833
3662 3216
2704 2174
5983 5926
3121 1601
4368 8224
3123 2495
3066 1691
3579 1852
4054 2606
1381 696
5950 6575
2902 2090
3378 1452
5254 7197
3422 3192
2444 2279
7912 6344
647587664 2147306674
1
sift 69
337 227
363 319
969 766
1924 1992
1474 1317
1213 994
11260 13963
1512 1168
1895 1383
1432 949
1385 779
1536 1462
898 643
940 571
1215 778
1488 947
965 701
2278 1472
1383 1040
2036 1684
1588 1161
1943 1290
1250 841
1748 1363
1705 1400
1281 911
2438 1936
2395 1859
2495 2109
2745 3486
2241 1896
1756 1254
1631 1198
1697 1523
2072 1361
1989 1424
3114 1939
2674 1984
2657 2607
4089 2446
1996 1705
4744 5956
4097 3035
3140 2337
3245 2389
3237 2661
3480 2148
3129 1983
4410 3927
3060 3605
3186 2854
4782 5612
2936 4478
2214 1691
2436 2128
4831 4390
2182 1922
3550 2884
5610 4778
3531 3031
2332 1886
2931 3836
3026 2216
5262 5597
4470 3680
4167 3974
4579 4228
3213 2100
2795 2059
738448197 874908085
1
sift 54
349 659
1164 1168
267 525
2073 6029
290 517
701 821
532 958
4851 8720
4841 6357
2746 2588
577 1288
14119 13301
1660 4345
7132 8571
2084 3419
313 1210
573 1112
1730 2517
2898 3552
691 3832
2210 5534
914 1114
867 1055
3797 8560
997 813
15462 11177
934 1116
14174 10275
13950 9528
12024 8268
1778 4094
1350 6771
528 949
3311 4909
973 4480
3331 11491
1176 1478
3242 2543
815 1245
2566 3588
2048 1595
806 1408
1333 4705
1046 2791
2855 2703
590 982
12817 7863
10221 8251
4617 5455
3711 4397
2518 2564
2181 6251
9189 8748
4562 5497
738448197 1443957691
1
sift 78
3029 4365
305 379
323 337
3370 6987
4284 5408
326 354
330 363
10055 4342
5431 8161
638 736
686 1026
4050 8473
9546 10627
496 517
698 857
3884 8965
7827 11293
506 628
517 613
7989 11033
4228 8848
835 885
1421 2129
378 625
757 973
530 674
697 1027
818 1017
547 684
559 635
1019 1326
549 981
3786 4087
878 1145
567 720
1810 1847
790 1477
1818 2016
1052 1963
789 1337
1291 1839
2081 1146
2112 2106
2404 3973
1617 1835
2407 2399
1187 850
3382 3699
2604 2625
1751 2104
778 1187
3698 5439
983 1252
2316 2010
1318 1606
8623 7218
2583 2005
2159 3182
2781 2555
2205 2072
3191 5312
3251 3454
1875 2648
2249 2480
3415 7274
3336 7258
2356 4165
2771 2793
8879 6469
2621 5209
3542 4793
3091 5482
4871 7635
3696 5163
5059 8367
3818 6012
2997 6425
8846 8229
738448197 1928372167
1
sift 90
4280 4317
7 15
144 201
45 87
1121 878
1923 681
49 78
468 737
248 497
3567 8462
728 957
2330 4561
1913 4683
209 360
46 72
10602 11337
268 260
3766 3925
865 1409
76 85
5302 5107
63 68
2355 3304
207 309
203 279
101 155
383 721
394 783
263 519
1256 1887
2230 3783
2563 2700
3041 3883
267 452
1163 902
1398 2030
655 914
375 375
953 1689
692 489
250 470
2270 1929
4851 5190
561 620
1579 1577
1660 1040
822 787
2359 3435
369 607
532 920
1715 3069
406 623
963 735
2048 2554
577 1203
471 688
2304 1907
691 1144
630 538
957 1333
701 924
3151 2263
3242 3065
1016 603
14065 5488
2785 3548
2787 3937
1893 2218
867 1677
1843 2121
10137 4608
6500 8754
739 1951
2003 2501
2596 961
1730 4258
3571 3977
401 788
1283 1627
1046 1188
1244 1953
3108 3604
3741 4825
2023 3406
2181 2400
1896 3594
3138 2537
2192 3211
7549 11981
11869 8128
759368925 1421978266
1
sift 90
1150 1096
158 117
3858 10507
128 168
223 97
156 299
3523 1653
216 163
3894 1719
376 362
739 511
2953 5088
3818 1846
273 171
1873 1199
641 637
634 441
253 144
2941 1240
278 183
2213 1590
478 492
2732 1132
12846 9113
287 255
4410 4531
1009 1562
813 542
397 249
1011 638
1052 970
1361 1125
1412 882
6081 6344
437 338
4991 6559
3506 2416
4389 1942
5649 5151
616 633
497 560
2175 1689
2834 1717
977 576
545 944
2812 6377
3179 1959
1605 757
8083 8542
1595 1099
643 593
16895 7928
4533 1411
1389 499
1004 702
604 684
5157 4381
1137 916
2528 1262
1793 1272
4207 4311
1449 2741
1577 1425
1340 488
4255 1651
1927 7889
1037 826
1435 739
2945 1652
2922 982
7156 10200
13489 4832
2322 1781
2816 3733
3869 3192
4471 3826
2931 1854
2687 4801
2830 3417
2547 1617
19998 3200
1845 1505
3083 1645
5687 7512
4847 3047
4961 2945
2690 1406
3457 2065
3045 2454
3355 3921
759368925 1928372167
1
sift 145
8 11
58 51
207 214
35 50
72 67
125 177
223 137
123 100
176 223
128 113
172 156
493 315
445 452
323 243
116 101
471 371
469 341
376 458
467 434
232 208
514 322
1275 863
641 457
1217 671
624 550
293 196
194 136
478 374
450 373
411 313
346 277
738 299
521 641
555 411
331 240
660 482
1003 691
1009 950
1017 1074
1139 824
13598 5986
19992 10695
1281 1345
879 888
518 221
13566 7745
2696 3061
495 479
2344 3907
1052 920
652 463
1019 635
1750 1450
5450 4445
533 359
17309 13006
491 424
2175 1939
1053 975
1516 963
1375 1477
739 617
5157 2681
1314 2040
1213 1568
767 577
523 417
621 536
6379 3965
2010 1765
4605 4409
1111 835
3179 2501
2841 2852
5436 4236
905 781
813 567
4981 4076
2032 1853
834 677
1661 1799
1174 668
3299 2162
1221 1192
1150 1478
2169 3780
2732 1313
2640 1677
3549 5241
678 528
1836 1474
4542 2186
1939 3594
1079 1022
1905 1403
1280 1405
695 556
3825 3407
794 938
1484 1097
3385 4801
1243 600
3171 2748
3780 2813
1004 1085
3581 2194
1605 1106
3139 2595
6263 6953
1137 887
1096 1522
685 509
14822 11593
1031 1740
3837 2317
1579 1354
4533 2620
3119 2126
2279 1814
1320 1065
1673 2440
1366 1016
4471 4285
3092 3946
1577 1332
2678 3701
1210 1088
9292 7135
1511 2060
2266 1945
2547 2799
1433 844
4931 5589
3256 1654
1453 1121
4151 3777
1914 1466
2550 1840
1855 1961
3304 2360
4961 4009
4457 4740
2244 2780
3707 1805
3045 3172
794848845 1390762317
1
sift 335
307 372
873 861
2 4
4691 4749
14 24
35 43
3284 5093
10625 4682
34 80
2166 3804
3988 5782
1592 1554
364 373
86 116
2566 1352
4320 9056
871 1092
4088 4764
1314 1936
6908 6189
848 836
907 519
1954 2076
2077 4503
879 1034
157 153
1452 1637
425 413
1269 1799
7215 10206
1303 1055
2852 2620
3802 3768
713 1063
400 476
2727 2387
455 376
407 605
1129 1426
11469 11590
615 881
12772 10292
5912 9171
10751 10715
2399 2098
1485 1571
1019 1342
621 978
3751 4247
196 183
1982 3546
1213 1250
625 835
2927 9967
2367 1840
1073 827
1752 3461
673 949
5020 7688
4186 6272
1865 1911
13047 13161
6775 8606
296 253
1092 1119
2199 3046
5182 9025
8403 10669
686 848
2028 6297
2580 4454
3778 6127
139 151
2310 4544
1829 3648
1233 1756
936 1519
490 566
5776 3691
8906 3117
326 395
6218 6952
309 322
2314 3287
11877 12475
2559 3586
3458 8303
155 188
9978 7927
6256 3254
1408 1371
3000 4098
316 347
1625 2295
1471 1822
1702 1980
1392 1991
475 374
3369 9487
3039 6071
1259 1551
5994 5520
2124 1843
3143 6661
1287 1231
3740 5546
3107 4565
461 492
5070 8062
6145 9632
4413 3613
2985 4071
381 406
2523 4110
15179 15155
1988 3302
6858 7093
402 441
7240 5275
247 279
2373 3042
3764 7512
2858 2445
7250 12764
9478 5148
892 1206
4879 8356
462 461
5055 9318
4421 7133
1984 2196
7331 7403
222 250
814 2326
3780 3678
4635 7687
2294 2937
797 1330
250 330
7093 10520
3941 5232
2671 3405
299 333
8594 9344
8256 6121
812 1029
6004 7274
796 758
4240 4785
1590 1553
481 499
7153 6385
845 569
6228 5886
275 302
4982 6705
7676 6553
655 586
3604 5906
5473 9353
3700 5776
8625 10772
224 281
13079 8861
3037 6411
1831 2300
8855 10998
650 721
9597 10833
2407 1642
2776 3177
9971 11633
2068 3563
3384 4464
396 617
646 1154
4792 4868
905 846
784 530
15300 12356
6755 8330
5746 5767
1668 1952
1184 876
12087 8780
4983 4432
14847 14529
1288 1440
5007 3259
1979 3165
5123 7759
964 1398
323 400
4152 10259
5118 5684
9731 11507
543 557
677 725
1170 1817
1976 2079
1101 1691
5344 6533
1756 1275
1306 1436
1910 2048
286 375
9429 12804
1650 1728
2015 3515
4351 5687
3846 6742
13061 14925
562 769
4561 7035
2609 3489
7513 9457
9342 11032
1262 1061
7088 11101
4040 4411
11472 9469
3423 10855
3160 2202
12944 15576
5556 7744
2870 3453
3080 2308
3594 1747
3921 6538
2403 5449
805 962
2911 4540
1196 1033
11776 12874
1421 1479
6728 7394
8741 9258
2711 2223
1557 1285
3300 7692
13585 12662
14375 13486
1151 1290
8853 10324
1578 2185
10812 12186
921 944
5753 5404
1489 1783
1201 1050
1915 1915
11716 8940
836 631
5532 6205
2418 3013
3352 5273
18361 14488
2774 7462
1724 1495
8157 9391
4280 9051
2572 12296
2644 3319
3341 4881
4490 5717
5368 12299
2700 3179
9841 8400
15028 12943
3134 4096
1671 1665
3233 6018
9825 11446
5409 6483
1057 1338
4817 5565
1645 1696
1771 2065
2110 2124
6131 6939
11214 9896
2007 1710
4858 3286
1007 1448
9031 6613
2167 1945
1355 1203
3073 4532
1579 1809
5066 3132
3177 5341
4526 4155
6389 9282
1292 1463
2201 2904
8491 16929
6564 6984
3255 2190
2267 1706
7876 5816
10176 8571
2994 6595
14929 14036
9480 6639
11168 8505
8195 8903
7753 11283
4345 6197
9197 8315
10199 12716
8088 7246
6774 5105
2616 5305
1758 2181
11375 9527
870 1144
2287 3001
11458 11739
12248 8161
4461 6384
11867 8124
2915 4633
8966 9179
10672 11075
7320 9330
9860 8585
3500 5502
8848 7257
5361 6259
3626 4761
1662 1770
9301 10523
3942 5852
5270 6313
5115 9952
874908085 1421978266
1
sift 357
10 8
113 160
147 140
762 872
129 146
41 38
484 463
78 65
187 213
132 186
63 83
177 252
117 165
831 954
164 169
1887 1208
99 158
76 92
534 606
399 430
145 168
245 308
148 119
8795 7722
531 526
100 120
277 320
144 157
9565 9965
127 147
412 418
161 220
172 195
2660 2882
124 124
171 170
505 466
3023 3891
1799 2015
273 407
6717 6266
1370 1458
198 210
3361 2261
196 248
163 189
393 380
525 435
9412 6374
800 679
234 203
658 622
4416 3997
4086 3972
358 286
476 362
987 839
409 393
3228 3123
1077 989
4019 7032
329 314
205 208
4245 3408
354 360
203 190
1286 1557
7177 7461
4884 4962
1464 1452
966 1127
3690 6801
427 652
230 215
460 478
880 686
298 473
582 492
931 907
8721 12292
773 1301
350 626
463 1031
533 531
251 247
1084 1058
456 494
3900 3581
731 741
8430 3797
2786 2120
14341 12774
1442 1190
665 587
453 453
5914 5108
1313 1247
958 970
1860 2445
1220 1161
428 485
481 388
1727 1787
3626 5867
3573 2655
400 413
2580 2412
11338 9256
2601 2552
1287 1367
3945 3163
870 1947
2427 2035
1592 1623
672 1384
807 623
1049 893
324 384
1604 1537
2824 4025
2210 2009
1330 1605
1130 1985
5383 4024
2048 3139
1587 1565
3340 3524
1565 1241
1001 848
4628 5027
4229 4447
8335 8273
781 854
2326 1431
1493 2286
8012 6530
2033 1777
1055 1140
4231 6314
6523 5762
8040 11190
1630 1593
629 642
1265 1004
4069 3937
3238 1958
1912 1113
1530 1141
967 992
7260 6784
5288 5106
3241 2363
2373 1676
7412 5932
3264 3726
555 571
3635 3483
876 783
4335 3930
2711 2804
2937 3036
488 629
3212 2620
1243 1351
2236 2913
855 778
3315 4468
1548 1642
824 957
4808 6431
3345 2976
3657 4367
923 1185
2249 2053
901 579
3916 2735
6172 5543
7373 7111
2418 1553
11640 8867
2716 2689
885 920
5933 5553
5430 4171
4456 3806
4765 5275
3147 2885
1797 1806
2972 1824
4784 2831
912 1065
1881 1846
3139 2521
561 1281
3766 3919
1559 1354
7929 5905
7653 7526
4772 6116
2407 4381
4440 3925
1474 1226
8946 7212
1960 1659
2766 2242
2792 2741
5237 5402
770 850
8342 7160
3983 3156
8703 9926
3396 2648
6999 8068
8390 3817
7090 5475
8709 6394
9163 6531
3669 3361
2914 4230
3861 3697
5426 4099
8314 8433
839 1087
1751 1308
3175 3396
2017 2400
5173 5075
1773 1240
321 377
7420 8283
3670 3791
1995 2867
4697 3948
3596 8361
5866 7019
2872 2806
1744 1300
1629 1524
2689 2993
3879 5954
4539 4893
7351 9099
5959 3025
13696 12589
7345 5282
4727 3583
3584 2943
8207 11907
990 785
1703 2310
8511 8450
2932 2256
4684 4373
2306 2135
4015 3219
2592 2988
2128 4059
3491 3120
5254 5920
3297 3438
5698 7201
4862 5487
2267 5184
8978 9049
7570 9306
3576 2509
6597 6018
6125 7024
5790 4672
2197 2257
3825 1849
9271 12887
1258 1612
3474 2278
5860 4581
4760 4662
1699 1601
3492 3793
1570 1315
6332 7304
6314 8435
8939 9950
8125 7582
6227 6509
1283 2359
7658 6020
6463 4473
7908 6179
5069 4877
6200 7155
6480 9788
2091 3922
8595 2325
5984 7168
1012 693
4818 6238
5073 4894
5573 6078
3571 3282
7637 6687
7805 6175
8359 10965
2837 4049
4338 4073
9438 10858
5119 6055
9676 10221
1965 2505
7149 5291
9148 7696
6828 9278
3589 4359
575 764
4368 3278
4613 4846
4017 5320
5941 4650
3230 1971
8473 7861
6420 6288
10109 10646
7817 3549
7174 5446
6794 8231
10195 9353
3104 6148
8352 11130
1661 1733
4000 2366
7092 6123
6197 4555
6171 8574
1097 1532
9279 7920
4428 4280
3467 4083
6544 8320
10078 7178
4743 5435
3954 4204
5622 6171
844 1120
3925 4502
6274 5494
6766 7234
3738 3386
7944 7856
2561 2338
6628 11036
4882 5686
5745 6649
4445 3246
2782 2215
8452 7365
4332 7798
3393 3693
9121 9281
874908085 1928372167
1
sift 191
232 260
81 100
1011 767
2533 3572
1411 1339
1791 755
295 279
145 113
5373 2869
2908 3294
2274 833
1168 903
60 103
4389 2229
192 238
6586 2953
1669 931
389 496
1977 1741
175 242
3417 1570
1396 1485
213 261
5212 3377
436 521
2969 2475
605 623
3524 2955
9916 4482
286 298
10578 6178
1363 1507
71 133
8408 6663
386 491
6084 3026
764 708
222 232
493 393
3690 5282
690 343
7889 4660
416 776
5855 4513
387 549
525 452
2277 2173
630 996
705 382
280 300
476 458
2543 3065
557 562
14141 7547
1014 1477
270 359
3371 1699
538 469
997 655
539 602
582 374
6467 4733
1216 3823
5371 6070
8227 13006
353 678
527 544
6256 4108
511 278
338 552
260 379
9343 4640
418 1218
9636 10017
285 460
6357 5856
572 1195
7652 7883
514 930
8176 3888
5684 6291
10274 7021
1124 1530
9130 9054
1303 19985
3649 4159
5315 5616
2228 3344
1387 2358
860 335
6972 7474
7369 9796
663 1377
2411 3664
8430 5947
730 314
805 1192
2768 3683
1288 1203
984 1285
1620 1911
2407 2681
1112 447
8658 3035
1179 2194
846 1989
1822 4313
10719 6897
810 1336
5669 4696
1980 3193
5778 7101
4657 4904
1358 495
5534 2175
3832 1144
12213 14456
1880 3596
2477 3784
2467 2043
2982 2943
508 536
1366 2658
1960 1648
1200 1689
1668 574
2113 3333
3879 3812
5703 9166
10621 12586
1194 2416
1135 799
5162 5509
1055 1677
755 1122
4079 2762
1500 3338
1760 1379
2050 4063
1559 4090
1747 4527
6335 5587
3363 4364
9731 6735
3665 4551
7876 3170
9025 7886
4907 5477
1249 1576
4341 5773
2516 3214
3040 1247
2114 1776
2011 2635
8907 4523
784 727
4205 3729
5029 1079
2032 3435
1158 1864
1602 1907
1773 2402
1594 2553
2196 1045
1937 3685
5497 3229
1504 3372
7605 2771
2016 4120
2183 2389
11327 4650
7254 2218
3490 3270
2136 2567
704 1360
5804 1449
3276 2788
5455 2326
3867 4148
4656 1081
10120 3491
2659 4352
2688 970
9847 2238
1991 2017
5685 1200
6251 2400
4900 4285
3482 3276
3608 1517
6581 3948
1390762317 1443957691
1
sift 242
2859 2371
13 16
162 115
8106 2774
3375 1038
2995 6626
6324 2868
86 90
9219 7830
2031 8247
4410 3779
8598 10641
930 526
7869 4907
1426 987
9380 6713
3850 6401
1140 901
5138 3711
4949 2768
2873 4895
311 226
5903 8313
7535 7248
11403 9709
189 155
1315 1011
4584 2675
2395 5108
3378 2657
7123 5930
978 766
4098 2272
237 168
4028 5066
2875 7885
6923 2565
1606 1079
2710 3011
4309 2733
2789 2860
2659 2304
7863 7039
12510 7853
633 589
6063 4558
4728 4345
1991 2033
6272 7222
518 258
2607 4860
11496 7562
11156 9095
362 310
8223 8560
3287 3653
10654 8255
1023 704
7614 8394
6385 2428
392 321
1519 1542
2983 4172
334 269
8363 10494
2295 3145
2089 2373
3405 2325
5053 5829
2284 1979
2415 3680
4690 3186
225 120
7093 7206
12302 5661
3207 1491
7929 8033
12976 9916
994 451
4110 5009
10679 9949
4058 1163
7403 6519
8062 5902
1445 1322
9318 9790
5747 3312
3116 1762
8610 8723
2753 4267
8666 7526
10944 8468
4999 6106
576 290
13313 14542
3152 3527
3633 2397
7531 4480
6009 6591
4304 1530
11633 6769
324 454
809 556
419 270
11577 8194
468 346
5767 4423
4464 4666
902 595
403 527
6930 8093
1210 828
7494 8491
530 499
615 372
5906 6032
3204 2986
5525 4091
4217 3830
876 1152
1591 1356
6533 5771
1587 1239
2047 2027
14390 12339
1817 1833
1356 1223
557 486
3515 2698
1466 1118
13047 10799
5115 7908
918 716
3252 3321
5974 4972
3922 3608
10259 11462
11101 8987
4770 7255
4080 8257
875 2655
6100 4145
11700 9832
5777 4959
6527 7753
3680 5169
5290 4744
5492 4326
4231 3860
2509 2746
1769 1460
2819 5598
701 367
6155 7071
1573 733
2219 1545
1291 845
11155 9443
2391 1216
3767 4731
12874 15121
3686 2781
6724 6606
1297 742
1967 1640
6135 5205
7049 7687
4537 4105
1353 1090
7394 11902
1299 1344
2793 1760
10095 8051
1682 1764
8367 6148
1050 984
4311 2942
4405 3749
5016 5037
2639 1718
2406 2352
1335 1046
1486 1164
3556 1953
4351 8299
920 468
5439 3381
7118 6551
1579 1595
2150 1513
4661 4495
2409 1320
1919 7733
3059 3688
9744 7918
1325 1430
5401 10682
8595 7069
7336 6541
8154 9356
5051 3357
4279 5993
9186 8867
3522 2084
3365 1736
4906 2646
6575 5265
2115 1981
2762 2507
2596 1526
4236 3636
4387 7319
8546 5826
6855 7548
3318 2321
2701 1882
6718 3618
3797 6441
4148 2803
8174 6337
4144 3266
3024 3704
3307 2254
5753 5683
5382 4049
3578 2695
3974 5699
3049 2752
4642 2869
7925 5906
4241 3442
5946 10459
5467 5982
2279 1377
2365 1482
4117 3081
5769 3412
5658 4043
4348 5968
2492 1457
7052 3736
8448 6411
