# 3D point list with one line of data per point:
#   POINT3D_ID, X, Y, Z, R, G, B, ERROR, TRACK[] as (IMAGE_ID, POINT2D_IDX)
# Number of points: 191, mean track length: 2
1 2.95567 7.67906 29.3454 102 98 86 0.525284 8 52 3 116
2 6.47493 7.99311 31.5301 90 74 51 0.122392 8 71 3 40
3 5.49867 7.46483 31.7436 173 160 117 1.39118 8 85 3 80
4 0.273214 -1.92882 15.0103 103 125 166 2.43009 8 107 3 1083
5 5.49867 7.46483 31.7436 173 160 117 1.39118 8 113 3 77
6 -6.20615 3.12262 40.9335 147 165 187 0.727252 8 126 3 113
7 8.10059 6.79574 32.5085 118 111 95 1.05773 8 131 3 153
8 7.43493 6.80971 32.135 204 183 136 1.05498 8 132 3 155
9 8.08622 -7.46435 22.6416 158 147 129 0.710813 8 151 3 173
10 4.47711 -5.53573 25.4119 91 91 89 0.693879 8 154 3 89
11 6.89636 -5.42047 25.1793 125 112 103 0.672605 8 155 3 103
12 7.5277 -5.06927 25.8774 204 188 173 2.57398 8 156 3 180
13 3.9433 -4.28134 26.1408 129 140 146 1.72446 8 158 3 85
14 -4.74083 5.74548 39.711 90 77 68 2.71764 8 162 3 282
15 -6.28659 -11.8515 42.4018 245 245 250 0.152155 8 164 3 208
16 5.63721 8.49867 31.573 190 179 161 1.90536 8 178 3 192
17 6.71764 8.73396 31.3258 208 184 156 0.49819 8 181 3 117
18 8.06839 11.7772 29.3276 140 123 107 1.19166 8 184 3 199
19 -5.81971 1.94681 40.8312 173 194 249 0.670163 8 206 3 133
20 6.11659 9.27401 32.2911 60 56 44 0.244018 8 215 3 193
21 -6.54651 -8.01105 41.3821 87 109 150 0.974841 8 230 3 213
22 22.0816 0.135161 47.0046 122 118 106 0.553815 8 248 3 424
23 21.2093 0.94217 46.6696 154 141 132 0.238005 8 258 3 266
24 22.4922 0.882174 46.3517 121 116 110 0.126667 8 259 3 327
25 6.37524 5.39981 31.7376 222 196 138 0.145171 8 273 3 315
26 5.48781 5.98513 31.1768 86 71 48 1.02979 8 275 3 151
27 6.37524 5.39981 31.7376 222 196 138 0.145171 8 277 3 280
28 6.00046 6.01113 31.115 89 67 39 0.167848 8 287 3 283
29 5.2379 6.97075 31.4776 140 122 120 1.75714 8 289 3 314
30 7.56224 7.7796 31.9519 131 107 79 1.76992 8 292 3 393
31 6.58001 9.36748 32.1824 69 62 44 0.317858 8 302 3 298
32 3.88025 9.58928 29.8782 196 181 150 0.56848 8 304 3 310
33 5.2379 6.97075 31.4776 140 122 120 1.75714 8 317 3 286
34 22.8854 0.396399 47.1244 25 20 14 0.175685 8 323 3 825
35 7.0485 -6.06782 24.3857 147 134 125 2.42609 8 359 3 1209
36 -6.38535 -7.17659 42.0614 67 105 150 0.429515 8 366 3 348
37 -6.07748 -6.76488 42.0152 96 132 146 0.0622548 8 370 3 350
38 23.6178 -2.81816 50.8681 191 175 152 0.466775 8 379 3 487
39 -5.96395 -1.75201 41.3984 166 198 244 0.0214935 8 384 3 242
40 23.6829 -1.6652 49.505 39 35 23 0.0638814 8 385 3 405
41 22.8342 -1.12285 49.0193 31 26 20 0.210009 8 391 3 552
42 22.8854 0.396399 47.1244 25 20 14 0.175685 8 408 3 594
43 23.13 1.16905 46.1664 25 20 14 0.262493 8 414 3 436
44 -4.15191 1.77713 47.9996 76 71 65 0.0898218 8 417 3 609
45 7.8393 7.3551 32.2403 220 205 184 0.114467 8 452 3 608
46 7.8417 7.64335 31.9354 228 204 176 0.394675 8 457 3 246
47 23.388 -6.19547 49.2882 114 114 114 0.33702 8 459 3 1232
48 5.8452 7.83871 31.666 100 84 61 1.86279 8 461 3 394
49 23.26 -0.892633 48.5097 33 28 22 0.102032 8 511 3 560
50 -6.15511 -10.1393 42.3317 115 136 167 0.173687 8 522 3 457
51 -6.11442 -9.50668 42.2179 103 124 155 0.305546 8 524 3 459
52 -6.10533 -8.53227 42.1056 115 135 172 0.14829 8 533 3 464
53 7.75842 -4.84731 26.3714 97 96 92 2.63403 8 544 3 2512
54 22.8973 -2.49069 51.0393 35 46 29 0.0030537 8 568 3 852
55 23.1432 -2.41174 50.2183 40 42 34 0.606087 8 571 3 801
56 0.24063 -1.89564 14.9074 96 118 159 2.91279 8 572 3 1159
57 24.1831 -2.10954 50.0717 174 170 158 0.122793 8 573 3 538
58 22.8813 -2.06329 50.0928 179 166 157 0.123783 8 574 3 539
59 21.8254 -1.47225 49.6071 208 197 179 0.0567901 8 582 3 544
60 22.4898 -1.30278 49.4187 124 120 108 0.0878695 8 586 3 549
61 24.164 -1.1187 48.9148 14 9 3 0.14478 8 588 3 553
62 21.9291 -0.8969 48.6379 38 34 22 0.167357 8 590 3 561
63 22.0688 -0.373527 48.2644 35 31 19 0.00698066 8 596 3 579
64 23.3657 -0.394133 48.0344 24 19 13 0.0903 8 597 3 577
65 21.6406 1.57492 46.2158 119 114 108 0.154848 8 611 3 371
66 23.1763 1.57148 46.4436 95 90 84 0.298998 8 612 3 369
67 7.8393 7.3551 32.2403 220 205 184 0.114467 8 630 3 818
68 -2.04665 1.56837 19.511 36 49 59 0.427123 8 682 3 1823
69 6.04132 5.39714 31.7831 214 191 150 0.245691 8 693 3 1840
70 6.42353 5.71681 31.5398 108 79 47 0.252362 8 694 3 953
71 -6.18638 -11.1644 42.5972 106 150 177 0.489525 8 776 3 454
72 -6.30629 -8.98174 42.3277 188 217 255 0.0130426 8 788 3 686
73 24.2254 -5.95054 49.191 63 58 52 0.161124 8 812 3 853
74 5.80169 7.51697 31.5002 191 174 144 0.244244 8 853 3 620
75 6.44972 7.41493 31.5359 90 66 38 0.690877 8 858 3 969
76 23.0357 -0.474236 48.1838 99 95 83 0.0271766 8 859 3 1363
77 23.1492 -1.48128 49.3942 158 153 147 0.12529 8 870 3 1333
78 24.3326 -1.50155 49.2452 137 132 126 0.131524 8 871 3 1330
79 22.232 -0.738714 48.4114 180 176 164 0.0451808 8 878 3 566
80 22.6817 -0.17203 47.4946 26 22 10 0.507344 8 884 3 1374
81 23.0743 -0.0192505 47.4515 170 165 159 0.00512146 8 886 3 587
82 21.5529 0.586746 46.7854 29 16 7 0.079397 8 892 3 599
83 20.2354 0.782944 46.7124 194 181 172 0.020039 8 894 3 603
84 21.9113 0.747245 46.7271 156 152 140 0.207537 8 895 3 889
85 19.9524 0.999601 46.6855 39 45 41 0.00547401 8 896 3 897
86 21.6311 0.958353 46.4626 47 36 28 0.0862686 8 897 3 1126
87 19.3538 1.4224 46.1861 10 13 6 1.02935 8 905 3 1807
88 22.9554 1.3818 46.8987 33 28 22 0.913833 8 906 3 902
89 -3.70974 1.71489 48.4438 87 82 76 0.122815 8 911 3 925
90 6.44972 7.41493 31.5359 90 66 38 0.690877 8 922 3 1136
91 23.0743 -0.0192505 47.4515 170 165 159 0.00512146 8 937 3 828
92 5.95028 7.40778 31.5214 95 80 49 0.505508 8 958 3 971
93 5.76324 7.07741 31.5317 100 67 52 0.610467 8 963 3 965
94 6.93391 6.50053 31.3958 113 91 50 0.336246 8 966 3 960
95 5.27837 6.3471 31.4047 178 164 133 2.57463 8 970 3 667
96 23.2811 -0.59018 48.1483 17 12 6 0.424115 8 973 3 1736
97 -5.7638 -12.6577 42.7825 108 89 90 0.320347 8 979 3 1461
98 5.74426 6.01805 31.0522 80 68 40 0.285855 8 986 3 1849
99 21.1889 -0.445636 48.8331 163 152 134 0.501855 8 991 3 2662
100 23.7702 -5.80052 49.205 171 158 146 0.433943 8 999 3 1237
101 23.6204 -5.67607 49.3992 57 46 34 0.287682 8 1000 3 1628
102 23.7818 -2.47685 50.9254 35 43 38 0.00266364 8 1020 3 1683
103 23.4141 -2.20238 50.0524 169 165 153 0.264943 8 1024 3 1297
104 24.7382 -2.2003 49.9795 161 150 140 0.404643 8 1025 3 1295
105 -6.03665 -1.71945 41.5009 181 208 252 0.239824 8 1032 3 1335
106 24.1457 -1.3537 49.2767 9 4 1 0.131108 8 1036 3 2615
107 22.8816 -1.31069 49.3834 15 10 4 0.00651856 8 1038 3 1949
108 22.821 0.12659 47.4241 21 16 10 0.095754 8 1058 3 1766
109 23.0917 0.702697 46.3894 96 91 85 0.295088 8 1070 3 1788
110 21.9195 1.1478 46.0488 104 99 93 0.277859 8 1076 3 898
111 21.317 1.39328 46.144 34 21 12 0.0381512 8 1080 3 1802
112 -5.9609 2.91681 40.9357 224 246 255 0.593312 8 1097 3 936
113 -6.59628 2.94492 40.9232 229 247 255 0.550017 8 1098 3 938
114 -5.92447 3.2062 40.7638 221 243 255 0.531057 8 1105 3 940
115 -6.16345 3.15318 39.7361 230 248 255 1.2659 8 1108 3 941
116 -5.44034 3.24832 40.9156 17 23 18 0.928291 8 1109 3 1837
117 -5.60076 3.37658 40.8019 97 104 130 0.426948 8 1113 3 734
118 0.770733 1.01541 12.349 47 55 58 0.0765586 8 1144 3 2641
119 7.64738 6.2501 31.9315 242 223 194 0.577156 8 1162 3 1972
120 5.65821 7.19301 31.497 206 171 147 0.213615 8 1174 3 1861
121 6.65726 7.63607 31.3191 150 126 98 0.53436 8 1182 3 621
122 6.12458 7.86043 31.5123 86 70 47 0.763008 8 1184 3 979
123 3.35884 9.27529 29.9909 130 120 95 1.91944 8 1211 3 1013
124 7.11103 10.741 32.791 176 161 130 1.11327 8 1218 3 1143
125 22.1518 -2.20688 50.2099 182 173 162 0.164912 8 1286 3 1100
126 22.8816 -1.31069 49.3834 15 10 4 0.00651856 8 1288 3 1710
127 22.821 0.12659 47.4241 21 16 10 0.095754 8 1292 3 1960
128 -5.60076 3.37658 40.8019 97 104 130 0.426948 8 1305 3 820
129 -5.15601 4.53805 40.6131 82 77 71 0.417524 8 1307 3 946
130 6.06664 -7.5569 21.4837 49 44 38 1.49022 8 1370 3 335
131 17.143 -10.5577 35.0517 52 54 53 1.53931 8 1374 3 2474
132 -6.09011 -10.6666 42.3311 58 223 247 0.0137978 8 1384 3 1208
133 6.64207 -5.89077 25.0574 184 171 162 0.0326098 8 1403 3 1476
134 7.47892 -5.49059 25.2515 201 190 172 0.0240245 8 1409 3 2489
135 24.3686 -6.17634 48.741 124 120 112 0.40693 8 1439 3 1231
136 23.5881 -5.95642 49.3693 53 48 42 0.280478 8 1442 3 1626
137 -4.70075 10.0308 28.9794 56 64 68 0.265268 8 1514 3 1912
138 6.78304 5.83989 31.3226 180 151 119 0.207337 8 1535 3 1844
139 5.43618 5.33793 31.4787 109 92 64 0.327338 8 1638 3 3097
140 5.76342 5.61068 31.3357 112 82 48 0.374479 8 1644 3 3102
141 5.72328 5.67901 31.1453 170 144 112 0.236762 8 1652 3 3109
142 6.72224 6.60057 31.2333 100 82 51 0.0478632 8 1678 3 3303
143 7.28403 6.8454 32.1725 165 141 100 0.0702634 8 1679 3 3126
144 6.93636 7.02122 31.8139 189 160 128 0.117626 8 1683 3 3136
145 6.3564 7.1471 31.6334 94 73 49 0.13822 8 1688 3 1859
146 5.97693 7.12906 31.4472 87 71 48 0.440326 8 1690 3 966
147 5.66885 7.32411 31.5271 169 146 114 0.404971 8 1694 3 3159
148 6.71949 7.31154 31.5626 110 86 58 0.796487 8 1695 3 3151
149 5.67166 7.73349 31.5505 171 151 118 1.36338 8 1707 3 3176
150 5.90381 7.8866 31.489 82 66 43 0.162436 8 1712 3 1974
151 6.78594 -8.4387 22.8704 88 83 77 2.18717 8 1811 3 2434
152 7.55581 -7.85721 22.4097 128 115 106 0.334271 8 1820 3 1511
153 1.94872 -7.1517 26.5716 85 80 74 0.186484 8 1854 3 1592
154 8.09506 -5.91285 25.8753 68 65 48 1.92763 8 1876 3 682
155 20.2802 -0.387636 47.8896 141 133 114 0.0251589 8 1964 3 2664
156 15.2749 0.495563 74.4115 114 109 103 2.92703 8 1967 3 1805
157 -1.32033 1.17847 49.7464 55 50 44 0.247623 8 1981 3 1822
158 21.9665 20.4954 48.6498 206 189 173 0.859422 8 1982 3 1428
159 -6.33451 -8.81008 42.4901 86 112 159 0.233416 8 1993 3 1216
160 -6.36002 -7.36844 42.4062 28 107 182 0.162884 8 1995 3 1223
161 0.330501 -0.440871 12.1183 118 141 173 2.19671 8 2126 3 470
162 -5.38756 4.81942 40.4836 76 75 74 0.766641 8 2146 3 948
163 5.14723 6.52999 31.2079 126 116 89 0.401785 8 2196 3 1599
164 5.32911 6.86736 31.3253 130 104 77 0.340356 8 2202 3 3301
165 7.90778 7.47877 31.9252 217 193 165 2.67257 8 2217 3 3149
166 5.45716 7.75927 31.6499 170 158 119 0.162261 8 2228 3 1870
167 5.76612 8.07452 31.7014 111 95 71 0.640426 8 2249 3 1875
168 -5.88914 6.36597 26.4306 73 77 86 1.6618 8 2250 3 3234
169 5.45682 8.72883 31.9975 189 178 160 1.83795 8 2288 3 3227
170 12.3078 13.5324 37.425 227 211 188 0.301697 8 2477 3 2250
171 4.61338 10.1746 28.8511 167 152 121 0.607298 8 2486 3 3245
172 8.38356 10.2956 30.2186 203 188 166 2.34906 8 2494 3 2065
173 10.4484 8.82333 19.5828 240 224 201 1.60777 8 2624 3 1402
174 11.1197 -10.7542 17.7217 182 178 166 0.463211 8 2649 3 1384
175 4.68951 -11.7595 29.9069 90 85 81 3.1818 8 2672 3 2414
176 -5.56769 -11.6104 42.8977 31 26 20 0.0757222 8 2711 3 1582
177 -6.05427 -9.20833 42.3168 104 121 141 0.792915 8 2800 3 1554
178 7.95972 -5.53596 25.7375 112 107 101 1.4164 8 2814 3 2493
179 -6.33294 -7.07214 42.2701 31 105 200 0.0707198 8 2835 3 2518
181 -6.21692 3.06808 40.9366 103 121 143 0.473252 8 3030 3 1971
182 -6.61494 6.69054 36.8533 37 45 48 1.34181 8 3042 3 2880
183 20.2058 16.6604 44.5921 197 180 164 0.274336 8 3143 3 2259
184 10.8006 -5.66466 50.5279 97 98 90 0.462619 8 3267 3 1240
185 9.42989 -3.17642 38.0075 97 92 86 0.927128 8 3274 3 2403
186 2.79223 -0.625016 27.4693 44 45 34 2.2304 8 3318 3 804
187 -6.2257 2.76772 40.9094 73 91 113 0.469953 8 3367 3 1833
188 -6.21692 3.06808 40.9366 103 121 143 0.473252 8 3372 3 1836
189 -6.61494 6.69054 36.8533 37 45 48 1.34181 8 3440 3 3164
190 7.0055 5.69726 31.454 165 131 94 0.587255 8 3454 3 3100
191 5.91285 5.69054 31.217 82 58 30 0.112129 8 3457 3 2869
192 6.74607 5.72542 31.2878 126 97 65 0.00100793 8 3460 3 3106
