0 0.89432299137115479 0.52738422155380249 0.73572379350662231 33 23 21 0 342196849 335 874908085 323
1 1.2284998893737793 0.26630693674087524 0.65084624290466309 40 36 27 0 342196849 334 874908085 605
2 1.5903356075286865 0.68753492832183838 0.77387124300003052 18 16 17 0 342196849 634 874908085 959
3 1.6366826295852661 0.72239357233047485 0.78429597616195679 104 99 95 0 342196849 660 874908085 1112
4 1.6982992887496948 0.69598644971847534 0.77845597267150879 10 11 6 0 342196849 883 874908085 1245
5 0.90112513303756714 0.50090152025222778 0.72993826866149902 42 27 20 0 342196849 862 874908085 994
6 1.5856473445892334 0.67566007375717163 0.77055960893630981 70 70 70 0 342196849 699 874908085 1055
7 1.6657642126083374 0.69576317071914673 0.77954584360122681 81 81 81 0 342196849 2021 874908085 4480
8 1.6379517316818237 0.67041486501693726 0.77230805158615112 107 106 112 0 342196849 2573 874908085 2792
9 1.7096544504165649 0.70007789134979248 0.78072434663772583 18 18 18 0 342196849 3024 874908085 4397
10 1.2556308507919312 0.37248942255973816 0.67726320028305054 47 73 70 0 342196849 8541 874908085 8427
11 0.91268104314804077 0.53458011150360107 0.73662412166595459 29 19 17 0 342196849 34 874908085 33
12 0.64473718404769897 1.0665549039840698 0.91286218166351318 33 20 14 0 342196849 68 874908085 54
13 1.2573013305664062 0.31747525930404663 0.66461098194122314 1 1 1 0 342196849 44 874908085 61
14 0.95444309711456299 0.67997920513153076 0.77225178480148315 149 140 133 0 342196849 93 874908085 122
15 1.1846849918365479 1.039262056350708 0.87021541595458984 27 17 15 0 342196849 171 874908085 257
16 0.69365847110748291 1.1276199817657471 0.93438321352005005 24 14 12 0 342196849 204 874908085 266
17 0.88526284694671631 0.61498159170150757 0.75474679470062256 137 128 119 0 342196849 573 874908085 315
18 0.96405041217803955 0.69475299119949341 0.77563446760177612 166 157 148 0 342196849 277 874908085 335
19 1.113563060760498 0.84071838855743408 0.81581795215606689 187 176 148 0 342196849 216 874908085 340
20 1.6789480447769165 0.72340190410614014 0.78077805042266846 94 94 94 0 342196849 707 874908085 359
21 1.6639645099639893 0.66646790504455566 0.77113759517669678 94 88 90 0 342196849 390 874908085 538
22 0.94532215595245361 0.86476749181747437 0.81096875667572021 38 28 26 0 342196849 608 874908085 650
23 1.6410149335861206 0.66825699806213379 0.77258539199829102 108 107 112 0 342196849 490 874908085 664
24 0.89161235094070435 0.50696426630020142 0.7312740683555603 77 60 50 0 342196849 832 874908085 821
25 0.65520578622817993 1.1304010152816772 0.92884588241577148 41 9 10 0 342196849 1114 874908085 859
26 2.0373201370239258 1.4675536155700684 0.94914740324020386 9 9 17 0 342196849 496 874908085 890
27 1.2647812366485596 0.60796505212783813 0.72985637187957764 38 69 53 0 342196849 1308 874908085 1054
28 0.96789407730102539 0.70080286264419556 0.77713072299957275 185 175 173 0 342196849 1079 874908085 1058
29 1.6408392190933228 0.7037196159362793 0.78004121780395508 68 68 68 0 342196849 650 874908085 1084
30 1.6949636936187744 0.67020934820175171 0.77349936962127686 117 112 108 0 342196849 775 874908085 1116
31 1.617763876914978 0.69601792097091675 0.77789449691772461 12 12 12 0 342196849 694 874908085 1129
32 0.74461960792541504 1.1444830894470215 0.94052165746688843 63 30 25 0 342196849 2977 874908085 1147
33 1.0010665655136108 0.72844988107681274 0.78386849164962769 44 35 30 0 342196849 472 874908085 1193
34 0.94857370853424072 0.68006092309951782 0.7704206109046936 168 159 152 0 342196849 2088 874908085 1233
35 1.5350230932235718 0.62654358148574829 0.75565814971923828 65 65 65 0 342196849 772 874908085 1510
36 1.6542569398880005 0.69551265239715576 0.77848219871520996 112 112 114 0 342196849 1209 874908085 1629
37 -1.3432115316390991 13.265615463256836 5.9472341537475586 162 64 87 0 342196849 1426 874908085 1657
38 1.132049560546875 0.96550107002258301 0.84952312707901001 69 54 49 0 342196849 1319 874908085 1739
39 -0.1639055609703064 9.7334318161010742 4.4460048675537109 169 71 94 0 342196849 1888 874908085 2025
40 0.39706376194953918 2.6422667503356934 1.6392335891723633 182 79 98 0 342196849 2787 874908085 2053
41 0.50632810592651367 0.92587828636169434 0.8746979832649231 87 74 57 0 342196849 2426 874908085 2094
42 0.53350704908370972 0.77763491868972778 0.84479200839996338 25 15 13 0 342196849 1655 874908085 2162
43 0.92197555303573608 0.87817257642745972 0.81506443023681641 69 54 49 0 342196849 1986 874908085 2163
44 1.6468470096588135 0.6967850923538208 0.77830642461776733 7 7 9 0 342196849 1764 874908085 2198
45 1.2389856576919556 0.32114669680595398 0.66391998529434204 109 105 96 0 342196849 3659 874908085 2205
46 1.1797082424163818 0.983512282371521 0.85664087533950806 102 92 90 0 342196849 3672 874908085 2329
47 1.2590136528015137 0.53373962640762329 0.71266299486160278 132 155 145 0 342196849 3229 874908085 2895
48 1.6691783666610718 0.71086335182189941 0.78335201740264893 80 80 80 0 342196849 1819 874908085 3238
49 1.2584137916564941 0.37552440166473389 0.67784392833709717 92 127 121 0 342196849 6730 874908085 3299
50 0.91105973720550537 0.64086931943893433 0.76045149564743042 20 12 10 0 342196849 1754 874908085 3422
51 -0.21717342734336853 10.947423934936523 4.9062824249267578 166 69 86 0 342196849 3666 874908085 3463
52 1.6726750135421753 6.6538820266723633 3.0905463695526123 143 96 112 0 342196849 4859 874908085 3549
53 2.8535552024841309 9.0836992263793945 4.1040339469909668 94 76 90 0 342196849 3200 874908085 3636
54 0.89608156681060791 0.51874494552612305 0.73424816131591797 130 110 101 0 342196849 2166 874908085 3639
55 1.305127739906311 0.77841198444366455 0.75410932302474976 68 59 52 0 342196849 3375 874908085 3683
56 0.67127126455307007 1.1301504373550415 0.92918306589126587 79 52 45 0 342196849 5334 874908085 3804
57 1.6946004629135132 0.68788617849349976 0.77692973613739014 21 22 16 0 342196849 4068 874908085 3867
58 1.6720894575119019 6.5994477272033691 3.0705020427703857 127 70 89 0 342196849 4451 874908085 3994
59 0.96454882621765137 0.70049190521240234 0.77693831920623779 24 14 12 0 342196849 3187 874908085 3999
60 4.3481922149658203 12.103969573974609 4.8263778686523438 132 49 67 0 342196849 2026 874908085 4022
61 1.1847105026245117 1.0003659725189209 0.8612017035484314 66 56 54 0 342196849 4251 874908085 4648
62 0.57573860883712769 7.1039485931396484 3.3317489624023438 146 61 80 0 342196849 6946 874908085 4807
63 0.62724894285202026 14.762738227844238 6.3121848106384277 170 72 95 0 342196849 5427 874908085 4927
64 1.9878469705581665 7.5402522087097168 3.4241349697113037 123 85 98 0 342196849 4416 874908085 5241
65 2.3403191566467285 6.6215534210205078 3.1890861988067627 204 159 130 0 342196849 4205 874908085 5280
66 2.2532711029052734 6.4205694198608398 3.1168777942657471 83 50 67 0 342196849 5011 874908085 5394
67 2.1827192306518555 1.7393151521682739 1.0307737588882446 28 18 9 0 342196849 2801 874908085 5691
68 1.161229133605957 0.95054167509078979 0.84670877456665039 67 52 47 0 342196849 6329 874908085 5854
69 1.7530598640441895 6.9625515937805176 3.210465669631958 131 85 96 0 342196849 2479 874908085 5904
70 3.9143264293670654 6.673677921295166 2.9135842323303223 152 49 68 0 342196849 3914 874908085 6484
71 0.62295794486999512 0.97181016206741333 0.88845908641815186 34 25 18 0 342196849 8858 874908085 6905
72 4.3023443222045898 6.3481869697570801 2.7791821956634521 139 41 64 0 342196849 4832 874908085 6987
73 0.64864516258239746 1.0960155725479126 0.92171168327331543 123 116 100 0 342196849 4756 874908085 7113
74 1.1805882453918457 0.98832541704177856 0.8579135537147522 75 65 63 0 342196849 9926 874908085 7348
75 2.2513761520385742 6.3926229476928711 3.107792854309082 142 114 129 0 342196849 5276 874908085 7671
76 0.16565504670143127 6.5340862274169922 3.1522111892700195 175 77 100 0 342196849 5510 874908085 7895
77 0.048189565539360046 8.3941831588745117 3.8883981704711914 153 55 78 0 342196849 10100 874908085 7980
78 0.97472107410430908 0.68018794059753418 0.77234798669815063 23 13 11 0 342196849 12526 874908085 8257
79 0.89032590389251709 0.6318899393081665 0.75877988338470459 67 57 55 0 342196849 5768 874908085 8345
80 0.17445816099643707 5.1152162551879883 2.6064589023590088 169 71 94 0 342196849 13186 874908085 8801
81 0.94697928428649902 0.60390311479568481 0.75434708595275879 27 17 15 0 342196849 7627 874908085 9481
82 1.6240304708480835 0.68434768915176392 0.77487128973007202 20 20 20 0 342196849 6300 874908085 9704
83 1.1702189445495605 0.98422449827194214 0.85509324073791504 72 62 60 0 342196849 13349 874908085 9932
84 1.2479149103164673 0.49404162168502808 0.70281076431274414 88 90 79 0 342196849 13515 874908085 10563
85 0.45924109220504761 1.1776539087295532 0.96060991287231445 150 95 98 0 342196849 8251 874908085 10660
86 1.0899927616119385 1.0398350954055786 0.87402182817459106 45 30 25 0 342196849 5526 874908085 10801
87 1.1294151544570923 1.032685399055481 0.87263727188110352 60 50 48 0 342196849 6065 874908085 11100
88 -0.70865941047668457 11.379161834716797 5.1388778686523438 168 70 93 0 342196849 11669 874908085 13012
89 1.206886887550354 0.29703935980796814 0.65059244632720947 147 137 135 0 342196849 187 874908085 232
90 1.7014710903167725 0.69197732210159302 0.77790969610214233 133 135 122 0 342196849 242 874908085 508
91 1.258552074432373 0.36548668146133423 0.67523342370986938 27 80 64 0 342196849 1394 874908085 1168
92 1.6044187545776367 0.69382685422897339 0.77607780694961548 70 71 65 0 342196849 1284 874908085 1287
