# 3D point list with one line of data per point:
#   POINT3D_ID, X, Y, Z, R, G, B, ERROR, TRACK[] as (IMAGE_ID, POINT2D_IDX)
# Number of points: 7, mean track length: 2
24 1.40818 1.22372 5.64591 170 137 120 0.655006 2 597 3 4280
57 2.07145 -2.18474 7.43741 237 221 198 2.68308 2 1314 3 532
25 2.10863 -2.36397 7.42587 166 138 126 2.62358 2 607 3 300
47 2.10132 -1.98474 7.37414 172 144 132 0.33458 2 1207 3 492
52 -0.792979 -3.82914 7.91381 182 163 157 1.85088 2 1286 3 878
54 -1.5319 -3.45747 8.40067 200 175 168 1.86613 2 1299 3 1164
67 2.89121 -1.33331 6.29594 195 180 157 1.38253 2 1539 3 793
