240788223 263704130 327837308 342196849 362832386 395353756 526676255 647587664 738448197 759368925 794848845 874908085 1390762317 1421978266 1443957691 1928372167 2147306674
263704130 327837308 342196849 362832386 395353756 526676255 647587664 738448197 759368925 794848845 874908085 1390762317 1421978266 1443957691 1928372167 2147306674
327837308 342196849 362832386 395353756 526676255 647587664 738448197 759368925 794848845 874908085 1390762317 1421978266 1443957691 1928372167 2147306674
342196849 362832386 395353756 526676255 647587664 738448197 759368925 794848845 874908085 1390762317 1421978266 1443957691 1928372167 2147306674
362832386 395353756 526676255 647587664 738448197 759368925 794848845 874908085 1390762317 1421978266 1443957691 1928372167 2147306674
395353756 526676255 647587664 738448197 759368925 794848845 874908085 1390762317 1421978266 1443957691 1928372167 2147306674
526676255 647587664 738448197 759368925 794848845 874908085 1390762317 1421978266 1443957691 1928372167 2147306674
647587664 738448197 759368925 794848845 874908085 1390762317 1421978266 1443957691 1928372167 2147306674
738448197 759368925 794848845 874908085 1390762317 1421978266 1443957691 1928372167 2147306674
759368925 794848845 874908085 1390762317 1421978266 1443957691 1928372167 2147306674
794848845 874908085 1390762317 1421978266 1443957691 1928372167 2147306674
874908085 1390762317 1421978266 1443957691 1928372167 2147306674
1390762317 1421978266 1443957691 1928372167 2147306674
1421978266 1443957691 1928372167 2147306674
1443957691 1928372167 2147306674
1928372167 2147306674
